chem_div_5
0 68 57
116 186 122
248 248 248
169 134 184
64 0 75
chem_div_6
0 68 57
90 174 97
195 224 198
216 203 222
153 112 171
64 0 75
chem_div_7
0 68 57
75 156 90
160 207 164
248 248 248
195 172 205
138 93 155
64 0 75
chem_div_8
0 68 57
64 143 85
135 195 140
211 231 212
226 216 230
180 151 193
127 80 143
64 0 75
chem_div_9
0 68 57
56 134 81
116 186 122
182 217 185
248 248 248
209 191 216
169 134 184
119 70 135
64 0 75
chem_div_10
0 68 57
50 126 79
101 179 108
160 207 164
219 235 220
231 223 234
195 172 205
160 122 176
113 62 128
64 0 75
chem_div_11
0 68 57
45 121 77
90 174 97
143 199 147
195 224 198
248 248 248
216 203 222
184 157 196
153 112 171
108 56 122
64 0 75
chem_div_12
0 68 57
40 116 75
81 164 93
128 192 133
176 214 179
224 237 225
234 228 237
205 186 213
176 145 189
144 101 162
104 50 118
64 0 75
chem_div_13
0 68 57
37 112 73
75 156 90
116 186 122
160 207 164
204 228 206
248 248 248
222 210 227
195 172 205
169 134 184
138 93 155
101 46 115
64 0 75
chem_div_14
0 68 57
34 108 72
69 149 87
106 181 112
147 200 151
187 220 190
228 239 229
236 231 238
212 196 219
187 161 198
162 126 179
132 86 148
98 43 111
64 0 75
chem_div_15
0 68 57
32 105 71
64 143 85
97 177 104
135 195 140
173 213 176
211 231 212
248 248 248
226 216 230
203 183 211
180 151 193
157 118 174
127 80 143
95 40 109
64 0 75
chem_div_16
0 68 57
30 103 70
60 138 83
90 174 97
125 190 130
160 207 164
195 224 198
231 240 232
238 233 240
217 203 223
195 172 205
174 142 188
153 112 171
123 74 139
93 37 107
64 0 75
chem_div_17
0 68 57
28 101 69
56 134 81
84 167 94
116 186 122
149 202 154
182 217 185
215 233 217
248 248 248
229 220 232
209 191 216
189 163 200
169 134 184
147 105 164
119 70 135
91 34 105
64 0 75
chem_div_18
0 68 57
26 99 68
52 130 80
79 161 92
108 182 114
139 197 144
171 212 174
202 226 204
233 241 234
239 235 241
220 208 226
201 181 210
183 154 195
164 128 180
142 98 159
116 65 131
90 32 103
64 0 75
chem_div_19
0 68 57
25 97 68
50 126 79
75 156 90
101 179 108
131 193 136
160 207 164
190 221 192
219 235 220
248 248 248
231 223 234
213 198 220
195 172 205
177 147 191
160 122 176
138 93 155
113 62 128
88 31 101
64 0 75
chem_div_20
0 68 57
23 95 67
47 123 78
71 151 88
95 176 102
123 189 129
151 202 155
179 216 182
207 229 209
235 242 235
240 236 242
223 212 228
206 188 214
190 164 201
173 140 187
156 116 173
134 88 150
110 58 125
87 29 100
64 0 75
chem_div_21
0 68 57
22 94 67
45 121 77
67 147 87
90 174 97
116 186 122
143 199 147
169 211 173
195 224 198
222 236 223
248 248 248
233 226 235
216 203 222
201 180 210
184 157 196
169 134 184
153 112 171
130 84 147
108 56 122
86 28 98
64 0 75
