chem_seq_5
254 254 216
160 197 152
143 134 133
117 70 108
26 14 51
chem_seq_6
254 254 216
174 213 162
147 157 140
138 111 126
102 54 97
26 14 51
chem_seq_7
254 254 216
187 225 170
151 174 144
143 134 133
132 94 120
90 45 89
26 14 51
chem_seq_8
254 254 216
198 233 177
155 186 148
146 151 138
140 117 128
125 80 114
81 39 84
26 14 51
chem_seq_9
254 254 216
206 238 183
160 197 152
148 163 141
143 134 133
136 104 124
117 70 108
74 34 79
26 14 51
chem_seq_10
254 254 216
212 241 187
167 206 157
151 174 144
145 147 137
141 121 129
132 94 120
109 61 102
69 31 76
26 14 51
chem_seq_11
254 254 216
217 243 190
174 213 162
153 182 147
147 157 140
143 134 133
138 111 126
127 84 116
102 54 97
65 29 73
26 14 51
chem_seq_12
254 254 216
221 245 193
180 220 166
157 190 150
149 166 142
145 145 136
141 124 130
135 102 123
122 76 112
96 49 93
61 27 71
26 14 51
chem_seq_13
254 254 216
224 246 195
187 225 170
160 197 152
151 174 144
146 154 139
143 134 133
139 115 127
132 94 120
117 70 108
90 45 89
58 26 69
26 14 51
chem_seq_14
254 254 216
227 247 197
192 229 174
165 203 155
153 180 146
148 161 141
145 143 136
141 125 131
137 107 125
129 87 117
112 64 104
86 41 86
56 25 68
26 14 51
chem_seq_15
254 254 216
229 248 198
198 233 177
169 208 159
155 186 148
149 168 143
146 151 138
143 134 133
140 117 128
135 100 122
125 80 114
107 59 100
81 39 84
53 24 67
26 14 51
chem_seq_16
254 254 216
231 249 200
202 235 180
174 213 162
157 192 150
151 174 144
147 157 140
144 142 135
142 126 131
138 111 126
132 94 120
121 75 111
102 54 97
78 36 81
52 23 66
26 14 51
chem_seq_17
254 254 216
232 249 201
206 238 183
178 218 165
160 197 152
152 179 146
148 163 141
145 149 137
143 134 133
140 120 129
136 104 124
129 88 117
117 70 108
98 51 94
74 34 79
50 23 65
26 14 51
chem_seq_18
254 254 216
234 250 202
209 239 185
183 221 168
163 201 155
154 184 147
149 169 143
147 155 139
144 141 135
142 127 131
139 113 127
134 99 122
126 83 115
113 65 105
94 48 92
72 33 78
49 22 64
26 14 51
chem_seq_19
254 254 216
235 250 203
212 241 187
187 225 170
167 206 157
156 188 149
151 174 144
148 160 140
145 147 137
143 134 133
141 121 129
137 108 125
132 94 120
123 78 112
109 61 102
90 45 89
69 31 76
47 21 63
26 14 51
chem_seq_20
254 254 216
236 250 203
215 242 189
191 228 173
170 210 159
158 193 151
152 178 146
149 165 142
146 153 138
144 140 135
142 128 132
139 116 128
136 103 123
130 89 118
120 74 110
106 58 100
87 42 87
67 30 75
46 21 62
26 14 51
chem_seq_21
254 254 216
237 250 204
217 243 190
194 230 175
174 213 162
160 197 152
153 182 147
150 170 143
147 157 140
145 146 137
143 134 133
141 122 130
138 111 126
134 98 122
127 84 116
117 70 108
102 54 97
84 40 85
65 29 73
45 21 62
26 14 51
