cryo_div_5
38 38 0
154 154 97
234 238 235
90 129 168
43 25 76
cryo_div_6
38 38 0
129 129 75
219 219 183
179 197 215
62 107 152
43 25 76
cryo_div_7
38 38 0
112 112 61
196 196 142
234 238 235
138 166 194
48 92 141
43 25 76
cryo_div_8
38 38 0
101 101 52
173 173 114
228 227 201
196 210 224
110 145 179
42 82 132
43 25 76
cryo_div_9
38 38 0
92 92 45
154 154 97
211 211 168
234 238 235
163 185 207
90 129 168
40 74 124
43 25 76
cryo_div_10
38 38 0
86 85 39
140 140 85
196 196 142
232 232 210
206 218 229
138 166 194
74 117 159
40 68 119
43 25 76
cryo_div_11
38 38 0
80 80 35
129 129 75
180 180 122
219 219 183
234 238 235
179 197 215
119 151 183
62 107 152
40 64 114
43 25 76
cryo_div_12
38 38 0
76 76 32
120 120 68
166 166 107
208 207 161
234 235 216
212 222 231
157 180 203
103 139 175
54 99 146
40 60 111
43 25 76
cryo_div_13
38 38 0
73 73 29
112 112 61
154 154 97
196 196 142
224 224 193
234 238 235
189 205 220
138 166 194
90 129 168
48 92 141
40 57 108
43 25 76
cryo_div_14
38 38 0
70 70 27
106 106 56
144 144 88
184 184 127
214 214 174
236 236 220
216 225 233
169 190 210
123 155 186
79 121 162
44 86 136
41 54 105
43 25 76
cryo_div_15
38 38 0
67 67 25
101 101 52
136 136 81
173 173 114
205 205 157
228 227 201
234 238 235
196 210 224
153 177 201
110 145 179
70 113 157
42 82 132
41 52 103
43 25 76
cryo_div_16
38 38 0
65 65 23
96 96 48
129 129 75
163 163 105
196 196 142
219 219 183
236 237 223
219 227 234
179 197 215
138 166 194
99 136 173
62 107 152
41 78 128
41 50 101
43 25 76
cryo_div_17
38 38 0
63 63 22
92 92 45
122 122 70
154 154 97
187 187 129
211 211 168
230 230 206
234 238 235
202 214 227
163 185 207
126 157 187
90 129 168
56 101 148
40 74 124
41 49 100
43 25 76
cryo_div_18
38 38 0
62 62 20
89 89 42
117 117 65
147 147 90
177 177 119
204 204 155
223 222 190
237 238 225
221 229 235
186 202 218
150 175 200
115 149 181
81 123 163
52 97 144
40 71 122
41 47 98
43 25 76
cryo_div_19
38 38 0
60 60 19
86 85 39
112 112 61
140 140 85
169 169 110
196 196 142
216 215 177
232 232 210
234 238 235
206 218 229
172 192 211
138 166 194
106 141 176
74 117 159
48 92 141
40 68 119
42 46 97
43 25 76
cryo_div_20
38 38 0
59 59 18
83 83 37
108 108 58
134 134 80
161 161 103
188 188 131
209 209 164
225 225 196
237 238 226
223 230 236
191 207 221
159 182 205
128 158 188
97 135 172
68 112 156
45 88 137
40 66 117
42 45 96
43 25 76
cryo_div_21
38 38 0
58 58 18
80 80 35
104 104 55
129 129 75
154 154 97
180 180 122
203 203 153
219 219 183
233 233 213
234 238 235
209 220 230
179 197 215
148 174 199
119 151 183
90 129 168
62 107 152
43 85 134
40 64 114
42 44 95
43 25 76
