cryo_seq_5
0 1 0
21 56 90
78 122 187
161 176 201
254 255 254
cryo_seq_6
0 1 0
17 45 72
43 92 149
116 147 201
178 187 203
254 255 254
cryo_seq_7
0 1 0
15 37 60
30 76 123
78 122 187
136 160 201
190 196 207
254 255 254
cryo_seq_8
0 1 0
14 33 52
24 64 104
51 100 161
106 141 199
150 169 201
198 203 211
254 255 254
cryo_seq_9
0 1 0
13 29 46
21 56 90
38 86 139
78 122 187
123 152 201
161 176 201
205 209 214
254 255 254
cryo_seq_10
0 1 0
13 26 41
19 50 80
30 76 123
56 104 168
100 137 198
136 160 201
170 182 202
211 213 218
254 255 254
cryo_seq_11
0 1 0
13 24 37
17 45 72
26 68 109
43 92 149
78 122 187
116 147 201
146 166 201
178 187 203
215 217 221
254 255 254
cryo_seq_12
0 1 0
12 23 35
16 41 65
23 61 99
35 83 135
60 107 172
97 135 197
127 154 201
154 171 201
184 192 205
219 220 223
254 255 254
cryo_seq_13
0 1 0
12 21 32
15 37 60
21 56 90
30 76 123
48 97 156
78 122 187
110 144 200
136 160 201
161 176 201
190 196 207
222 223 226
254 255 254
cryo_seq_14
0 1 0
11 20 30
15 35 55
19 52 83
27 70 113
40 88 143
63 110 174
94 133 196
120 150 201
144 165 201
168 180 202
194 199 209
224 225 228
254 255 254
cryo_seq_15
0 1 0
11 19 29
14 33 52
18 48 77
24 64 104
34 82 132
51 100 161
78 122 187
106 141 199
129 156 201
150 169 201
173 184 202
198 203 211
226 227 229
254 255 254
cryo_seq_16
0 1 0
10 18 27
14 31 48
17 45 72
22 60 97
30 76 123
43 92 149
65 111 176
92 131 195
116 147 201
136 160 201
156 173 201
178 187 203
202 206 213
228 229 231
254 255 254
cryo_seq_17
0 1 0
9 17 26
13 29 46
16 42 67
21 56 90
28 71 114
38 86 139
54 102 165
78 122 187
103 139 199
123 152 201
142 164 201
161 176 201
182 190 204
205 209 214
230 231 232
254 255 254
cryo_seq_18
0 1 0
9 16 25
13 28 43
16 40 63
20 53 85
25 66 107
34 80 130
46 95 154
66 112 178
90 130 194
112 145 200
130 156 201
148 167 201
166 179 201
186 193 205
208 211 216
231 232 233
254 255 254
cryo_seq_19
0 1 0
8 16 24
13 26 41
15 37 60
19 50 80
24 63 101
30 76 123
41 89 145
56 104 168
78 122 187
100 137 198
119 149 201
136 160 201
153 170 201
170 182 202
190 196 207
211 213 218
233 233 235
254 255 254
cryo_seq_20
0 1 0
8 15 23
13 25 39
15 36 57
18 47 76
22 59 95
28 72 116
36 84 137
49 98 158
67 113 179
89 129 194
109 143 200
125 153 201
141 163 201
157 173 201
174 185 202
193 198 208
213 215 219
234 234 236
254 255 254
cryo_seq_21
0 1 0
8 15 22
13 24 37
14 34 54
17 45 72
21 56 90
26 68 109
33 80 129
43 92 149
58 106 170
78 122 187
98 136 197
116 147 201
131 157 201
146 166 201
161 176 201
178 187 203
196 201 209
215 217 221
235 235 236
254 255 254
