misc_seq_3_5
0 25 89
34 91 95
127 129 51
243 158 113
250 204 250
misc_seq_3_6
0 25 89
24 78 97
87 117 71
178 141 50
251 166 141
250 204 250
misc_seq_3_7
0 25 89
19 69 96
62 108 84
127 129 51
212 148 71
253 172 159
250 204 250
misc_seq_3_8
0 25 89
17 63 95
45 99 92
98 121 65
162 138 46
233 153 94
253 177 171
250 204 250
misc_seq_3_9
0 25 89
15 58 94
34 91 95
77 114 76
127 129 51
191 144 56
243 158 113
253 180 181
250 204 250
misc_seq_3_10
0 25 89
14 54 94
28 84 96
62 108 84
104 122 61
154 136 45
212 148 71
249 163 129
253 182 188
250 204 250
misc_seq_3_11
0 25 89
13 51 93
24 78 97
50 102 90
87 117 71
127 129 51
178 141 50
227 151 87
251 166 141
253 184 194
250 204 250
misc_seq_3_12
0 25 89
12 49 93
21 73 96
41 97 93
73 112 78
108 124 59
149 135 45
197 145 60
237 155 101
252 170 151
252 186 199
250 204 250
misc_seq_3_13
0 25 89
11 47 93
19 69 96
34 91 95
62 108 84
93 119 67
127 129 51
169 139 47
212 148 71
243 158 113
253 172 159
252 188 203
250 204 250
misc_seq_3_14
0 25 89
10 45 92
18 66 95
30 86 96
52 104 89
81 115 74
111 124 58
145 134 46
186 143 53
224 150 83
247 161 124
253 175 165
252 189 207
250 204 250
misc_seq_3_15
0 25 89
10 44 92
17 63 95
26 82 97
45 99 92
70 112 80
98 121 65
127 129 51
162 138 46
201 145 62
233 153 94
250 164 133
253 177 171
252 190 210
250 204 250
misc_seq_3_16
0 25 89
9 43 92
16 60 95
24 78 97
39 95 94
62 108 84
87 117 71
113 125 57
143 133 46
178 141 50
212 148 71
239 156 104
251 166 141
253 178 176
252 191 212
250 204 250
misc_seq_3_17
0 25 89
9 41 92
15 58 94
22 75 96
34 91 95
54 104 88
77 114 76
101 122 63
127 129 51
157 137 45
191 144 56
222 150 81
243 158 113
252 169 148
253 180 181
252 191 215
250 204 250
misc_seq_3_18
0 25 89
8 40 91
14 56 94
20 72 96
31 88 96
48 101 91
69 111 81
91 119 68
115 125 56
141 133 47
171 140 47
203 146 64
230 152 90
246 160 121
252 171 153
253 181 185
252 192 217
250 204 250
misc_seq_3_19
0 25 89
8 40 91
14 54 94
19 69 96
28 84 96
42 98 93
62 108 84
82 116 73
104 122 61
127 129 51
154 136 45
184 142 52
212 148 71
235 154 98
249 163 129
253 172 159
253 182 188
252 193 218
250 204 250
misc_seq_3_20
0 25 89
7 39 91
13 53 93
18 67 96
26 81 97
38 94 94
55 105 88
75 113 77
95 120 66
116 126 55
139 132 47
166 139 46
195 144 58
221 150 79
240 156 106
250 165 135
253 174 163
253 183 191
252 193 220
250 204 250
misc_seq_3_21
0 25 89
7 38 91
13 51 93
17 65 95
24 78 97
34 91 95
50 102 90
68 111 81
87 117 71
106 123 60
127 129 51
151 135 45
178 141 50
204 146 65
227 151 87
243 158 113
251 166 141
253 175 167
253 184 194
252 194 221
250 204 250
