misc_div_5
8 29 88
65 182 195
254 254 209
253 141 60
128 0 38
misc_div_6
8 29 88
36 152 192
214 239 178
254 225 135
252 90 45
128 0 38
misc_div_7
8 29 88
30 128 184
151 214 184
254 254 209
254 191 90
243 60 37
128 0 38
misc_div_8
8 29 88
32 108 174
100 195 190
232 246 177
254 234 154
253 162 69
234 41 32
128 0 38
misc_div_9
8 29 88
33 94 168
65 182 195
199 233 180
254 254 209
254 217 118
253 141 60
227 26 28
128 0 38
misc_div_10
8 29 88
34 84 163
49 165 194
151 214 184
239 248 182
255 239 165
254 191 90
252 113 52
218 20 30
128 0 38
misc_div_11
8 29 88
35 77 160
36 152 192
115 200 188
214 239 178
254 254 209
254 225 135
253 170 72
252 90 45
211 15 31
128 0 38
misc_div_12
8 29 88
35 71 157
29 140 189
88 190 192
186 228 181
242 250 188
255 242 172
254 210 110
253 154 65
249 73 40
206 11 33
128 0 38
misc_div_13
8 29 88
35 66 154
30 128 184
65 182 195
151 214 184
224 243 177
254 254 209
254 230 146
254 191 90
253 141 60
243 60 37
201 8 34
128 0 38
misc_div_14
8 29 88
36 61 152
31 117 179
54 170 194
122 203 187
205 235 179
244 250 192
255 244 177
254 220 124
253 175 74
252 122 54
238 50 34
197 6 35
128 0 38
misc_div_15
8 29 88
36 58 150
32 108 174
44 161 193
100 195 190
179 225 181
232 246 177
254 254 209
254 234 154
254 206 106
253 162 69
252 105 49
234 41 32
194 3 36
128 0 38
misc_div_16
8 29 88
36 54 149
33 101 171
36 152 192
82 188 193
151 214 184
214 239 178
245 251 196
255 245 181
254 225 135
254 191 90
253 151 64
252 90 45
230 33 29
191 1 37
128 0 38
misc_div_17
8 29 88
36 52 147
33 94 168
29 145 191
65 182 195
127 205 186
199 233 180
237 248 177
254 254 209
254 237 160
254 217 118
253 178 76
253 141 60
251 78 42
227 26 28
188 0 37
128 0 38
misc_div_18
8 29 88
35 50 144
34 89 165
29 136 187
56 173 195
109 198 189
174 223 182
221 242 178
246 251 198
255 246 183
254 229 143
254 203 103
253 167 71
252 126 55
247 69 39
222 23 29
185 0 38
128 0 38
misc_div_19
8 29 88
33 49 141
34 84 163
30 128 184
49 165 194
93 192 191
151 214 184
207 236 179
239 248 182
254 254 209
255 239 165
254 221 127
254 191 90
253 157 67
252 113 52
243 60 37
218 20 30
182 0 38
128 0 38
misc_div_20
8 29 88
32 48 138
34 80 161
31 121 180
42 158 193
78 187 194
131 206 186
192 230 180
227 244 177
247 252 200
255 247 186
254 232 149
254 213 114
254 180 78
253 149 63
252 101 48
240 53 35
215 17 31
179 0 38
128 0 38
misc_div_21
8 29 88
31 47 136
35 77 160
31 114 177
36 152 192
65 182 195
115 200 188
170 222 182
214 239 178
240 249 185
254 254 209
255 240 169
254 225 135
254 201 101
253 170 72
253 141 60
252 90 45
237 47 33
211 15 31
176 0 38
128 0 38
