misc_seq_1_5
25 51 178
47 93 156
83 133 127
144 195 110
255 254 102
misc_seq_1_6
25 51 178
43 85 161
66 116 138
106 156 120
159 209 107
255 254 102
misc_seq_1_7
25 51 178
40 79 164
57 106 147
83 133 127
122 173 116
170 218 105
255 254 102
misc_seq_1_8
25 51 178
38 75 166
51 99 153
70 120 134
99 149 122
135 186 113
180 225 103
255 254 102
misc_seq_1_9
25 51 178
37 72 167
47 93 156
62 112 142
83 133 127
112 163 118
144 195 110
188 229 103
255 254 102
misc_seq_1_10
25 51 178
36 70 168
45 89 159
57 106 147
73 123 132
95 146 123
122 173 116
152 203 108
195 233 102
255 254 102
misc_seq_1_11
25 51 178
35 68 169
43 85 161
53 101 151
66 116 138
83 133 127
106 156 120
131 182 113
159 209 107
201 235 102
255 254 102
misc_seq_1_12
25 51 178
34 67 170
42 82 162
50 97 154
61 111 143
74 125 131
93 143 123
115 165 118
138 189 112
165 214 106
206 237 102
255 254 102
misc_seq_1_13
25 51 178
33 65 171
40 79 164
47 93 156
57 106 147
68 118 136
83 133 127
102 152 121
122 173 116
144 195 110
170 218 105
210 239 102
255 254 102
misc_seq_1_14
25 51 178
33 64 171
39 77 165
46 90 158
54 102 150
64 114 140
76 126 130
91 142 124
110 160 119
129 180 114
150 200 109
175 222 104
213 240 102
255 254 102
misc_seq_1_15
25 51 178
32 63 172
38 75 166
44 87 160
51 99 153
60 110 144
70 120 134
83 133 127
99 149 122
116 167 117
135 186 113
155 205 108
180 225 103
216 241 102
255 254 102
misc_seq_1_16
25 51 178
32 62 172
38 74 166
43 85 161
49 96 155
57 106 147
66 116 138
77 127 130
90 141 124
106 156 120
122 173 116
140 191 111
159 209 107
184 227 103
219 242 102
255 254 102
misc_seq_1_17
25 51 178
32 62 172
37 72 167
42 83 162
47 93 156
54 103 150
62 112 142
72 122 133
83 133 127
97 147 122
112 163 118
128 179 114
144 195 110
163 213 106
188 229 103
221 243 102
255 254 102
misc_seq_1_18
25 51 178
31 61 173
36 71 168
41 81 163
46 91 158
52 100 152
59 109 145
68 118 137
77 128 129
89 140 124
103 153 121
117 168 117
133 183 113
148 199 109
167 216 105
192 231 103
223 244 102
255 254 102
misc_seq_1_19
25 51 178
31 61 173
36 70 168
40 79 164
45 89 159
50 98 154
57 106 147
64 114 140
73 123 132
83 133 127
95 146 123
109 159 119
122 173 116
137 188 112
152 203 108
170 218 105
195 233 102
225 244 102
255 254 102
misc_seq_1_20
25 51 178
31 60 173
35 69 169
40 78 164
44 87 160
49 95 155
55 104 149
61 111 143
69 119 135
78 128 129
89 139 125
101 151 121
114 164 118
127 178 115
141 192 111
156 206 108
174 221 104
198 234 102
226 245 102
255 254 102
misc_seq_1_21
25 51 178
30 60 174
35 68 169
39 77 165
43 85 161
47 93 156
53 101 151
59 109 145
66 116 138
74 124 132
83 133 127
94 144 123
106 156 120
118 169 117
131 182 113
144 195 110
159 209 107
177 223 104
201 235 102
228 245 102
255 254 102
