misc_seq_2_5
230 240 240
134 185 226
119 113 213
110 46 132
54 14 36
misc_seq_2_6
230 240 240
149 197 226
115 144 227
120 84 186
103 35 112
54 14 36
misc_seq_2_7
230 240 240
161 205 226
118 163 228
119 113 213
118 66 164
98 29 98
54 14 36
misc_seq_2_8
230 240 240
170 210 226
125 176 227
116 135 224
121 92 195
114 54 146
93 25 88
54 14 36
misc_seq_2_9
230 240 240
177 214 227
134 185 226
115 151 228
119 113 213
120 77 178
110 46 132
89 23 80
54 14 36
misc_seq_2_10
230 240 240
182 217 228
142 192 226
118 163 228
116 130 222
121 97 199
118 66 164
107 40 121
86 22 75
54 14 36
misc_seq_2_11
230 240 240
187 219 228
149 197 226
123 172 227
115 144 227
119 113 213
120 84 186
115 58 152
103 35 112
83 21 70
54 14 36
misc_seq_2_12
230 240 240
190 221 229
155 201 226
128 179 227
115 154 228
117 127 221
120 100 202
119 74 175
113 51 141
100 32 104
81 20 67
54 14 36
misc_seq_2_13
230 240 240
194 223 230
161 205 226
134 185 226
118 163 228
115 139 225
119 113 213
121 89 192
118 66 164
110 46 132
98 29 98
78 19 64
54 14 36
misc_seq_2_14
230 240 240
196 224 230
165 207 226
139 190 226
121 170 228
115 148 227
117 125 220
120 102 204
120 80 182
116 59 155
108 41 125
95 27 93
77 19 61
54 14 36
misc_seq_2_15
230 240 240
199 225 231
170 210 226
144 194 226
125 176 227
116 156 228
116 135 224
119 113 213
121 92 195
119 72 172
114 54 146
106 38 118
93 25 88
75 18 59
54 14 36
misc_seq_2_16
230 240 240
201 226 231
173 212 227
149 197 226
130 181 227
118 163 228
115 144 227
117 123 219
120 103 205
120 84 186
118 66 164
112 49 139
103 35 112
91 24 84
74 18 57
54 14 36
misc_seq_2_17
230 240 240
202 227 231
177 214 227
153 200 226
134 185 226
120 169 228
115 151 228
116 132 223
119 113 213
121 95 198
120 77 178
116 61 156
110 46 132
101 33 107
89 23 80
73 18 56
54 14 36
misc_seq_2_18
230 240 240
204 228 232
179 215 227
157 202 226
138 189 226
124 174 227
116 158 228
115 140 226
118 122 218
120 104 206
121 87 190
119 71 171
115 56 150
108 42 127
99 31 102
87 22 77
72 18 55
54 14 36
misc_seq_2_19
230 240 240
205 229 232
182 217 228
161 205 226
142 192 226
127 178 227
118 163 228
115 147 227
116 130 222
119 113 213
121 97 199
120 81 183
118 66 164
113 52 143
107 40 121
98 29 98
86 22 75
71 17 53
54 14 36
misc_seq_2_20
230 240 240
207 229 232
184 218 228
164 207 226
146 194 226
130 182 227
120 168 228
115 153 228
115 137 225
118 121 218
120 105 207
121 90 193
120 75 176
117 61 158
112 49 138
105 37 116
96 28 94
84 21 72
70 17 52
54 14 36
misc_seq_2_21
230 240 240
208 230 233
187 219 228
167 208 226
149 197 226
134 185 226
123 172 227
116 158 228
115 144 227
117 128 222
119 113 213
120 98 201
120 84 186
119 70 170
115 58 152
110 46 132
103 35 112
94 26 91
83 21 70
69 17 51
54 14 36
