prec_div_5
84 48 5
200 148 79
248 248 247
85 167 160
0 60 48
prec_div_6
84 48 5
191 129 44
229 209 180
183 216 213
53 151 143
0 60 48
prec_div_7
84 48 5
173 115 38
216 182 135
248 248 247
140 194 190
44 135 127
0 60 48
prec_div_8
84 48 5
160 105 33
207 163 103
235 220 200
202 225 223
109 179 173
37 125 115
0 60 48
prec_div_9
84 48 5
150 98 30
200 148 79
224 199 164
248 248 247
167 208 204
85 167 160
33 116 107
0 60 48
prec_div_10
84 48 5
143 93 27
195 137 60
216 182 135
238 226 211
212 230 229
140 194 190
67 158 150
29 110 100
0 60 48
prec_div_11
84 48 5
137 88 25
191 129 44
210 169 113
229 209 180
248 248 247
183 216 213
118 183 178
53 151 143
26 105 95
0 60 48
prec_div_12
84 48 5
132 84 23
181 121 41
205 158 94
222 194 156
240 230 218
219 234 232
159 204 200
100 174 168
48 142 134
24 101 91
0 60 48
prec_div_13
84 48 5
128 81 21
173 115 38
200 148 79
216 182 135
232 215 192
248 248 247
194 221 219
140 194 190
85 167 160
44 135 127
22 97 87
0 60 48
prec_div_14
84 48 5
125 79 20
166 110 35
196 141 65
211 172 118
226 202 170
241 233 222
223 236 235
173 211 208
123 186 181
73 161 153
40 129 121
20 95 84
0 60 48
prec_div_15
84 48 5
122 76 19
160 105 33
193 134 54
207 163 103
221 191 151
235 220 200
248 248 247
202 225 223
155 202 198
109 179 173
62 155 148
37 125 115
18 92 81
0 60 48
prec_div_16
84 48 5
119 74 18
155 101 31
191 129 44
203 155 90
216 182 135
229 209 180
242 235 226
227 238 237
183 216 213
140 194 190
96 172 166
53 151 143
35 120 111
17 90 79
0 60 48
prec_div_17
84 48 5
117 73 17
150 98 30
184 123 42
200 148 79
212 174 121
224 199 164
236 224 206
248 248 247
208 228 226
167 208 204
126 187 182
85 167 160
49 145 137
33 116 107
16 88 77
0 60 48
prec_div_18
84 48 5
115 71 16
146 95 28
178 119 40
197 143 69
209 166 109
220 190 148
231 213 189
243 237 229
229 239 238
191 220 217
152 200 197
114 181 176
76 162 155
46 140 131
31 113 103
15 86 75
0 60 48
prec_div_19
84 48 5
113 70 16
143 93 27
173 115 38
195 137 60
206 160 97
216 182 135
227 204 173
238 226 211
248 248 247
212 230 229
176 212 209
140 194 190
103 176 170
67 158 150
44 135 127
29 110 100
14 85 74
0 60 48
prec_div_20
84 48 5
112 69 15
140 90 26
168 111 36
193 133 52
203 154 87
213 175 123
223 196 159
233 217 195
243 238 231
231 240 239
197 223 221
163 206 202
128 188 183
94 171 165
59 154 146
41 131 122
27 107 98
13 83 73
0 60 48
prec_div_21
84 48 5
110 68 15
137 88 25
164 108 35
191 129 44
200 148 79
210 169 113
220 189 147
229 209 180
239 228 215
248 248 247
216 232 231
183 216 213
151 200 195
118 183 178
85 167 160
53 151 143
39 128 119
26 105 95
13 82 71
0 60 48
