prec_seq_5
255 255 229
170 211 193
86 168 157
33 116 107
0 60 48
prec_seq_6
255 255 229
187 220 200
120 185 171
52 150 142
26 105 95
0 60 48
prec_seq_7
255 255 229
198 226 205
142 197 181
86 168 157
44 135 127
22 97 87
0 60 48
prec_seq_8
255 255 229
206 230 208
158 205 188
110 180 167
62 155 147
37 125 115
18 92 81
0 60 48
prec_seq_9
255 255 229
212 233 211
170 211 193
128 190 175
86 168 157
49 145 137
33 116 107
16 88 77
0 60 48
prec_seq_10
255 255 229
217 235 213
180 216 197
142 197 181
105 177 165
67 158 149
44 135 127
29 110 100
14 85 74
0 60 48
prec_seq_11
255 255 229
221 237 214
187 220 200
154 203 186
120 185 171
86 168 157
52 150 142
39 128 119
26 105 95
13 82 71
0 60 48
prec_seq_12
255 255 229
224 239 215
193 223 202
163 207 189
132 191 176
101 176 163
71 160 150
48 142 134
36 122 112
24 101 91
12 80 69
0 60 48
prec_seq_13
255 255 229
226 240 217
198 226 205
170 211 193
142 197 181
114 182 169
86 168 157
58 153 145
44 135 127
33 116 107
22 97 87
11 78 67
0 60 48
prec_seq_14
255 255 229
229 241 217
203 228 206
177 215 195
151 201 184
125 188 173
99 175 162
73 161 151
50 147 139
40 130 121
30 112 102
20 94 84
10 77 66
0 60 48
prec_seq_15
255 255 229
230 242 218
206 230 208
182 217 198
158 205 188
134 193 177
110 180 167
86 168 157
62 155 147
47 141 132
37 125 115
28 108 98
18 92 81
9 76 64
0 60 48
prec_seq_16
255 255 229
232 243 219
210 231 209
187 220 200
165 208 190
142 197 181
120 185 171
97 174 162
75 162 152
53 151 143
44 135 127
35 120 111
26 105 95
17 90 79
8 75 63
0 60 48
prec_seq_17
255 255 229
233 244 220
212 233 211
191 222 202
170 211 193
149 200 184
128 190 175
107 179 166
86 168 157
65 157 148
49 145 137
41 131 122
33 116 107
24 102 92
16 88 77
8 74 62
0 60 48
prec_seq_18
255 255 229
235 244 220
215 234 212
195 224 203
175 214 195
155 204 186
136 193 178
116 183 169
96 173 161
76 163 153
56 153 144
46 140 131
38 126 117
31 113 103
23 100 89
15 86 75
7 73 61
0 60 48
prec_seq_19
255 255 229
236 245 221
217 235 213
198 226 205
180 216 197
161 206 189
142 197 181
124 187 173
105 177 165
86 168 157
67 158 149
51 148 140
44 135 127
36 123 113
29 110 100
22 97 87
14 85 74
7 72 61
0 60 48
prec_seq_20
255 255 229
237 245 221
219 236 213
201 227 206
184 218 198
166 209 191
148 200 183
130 191 176
113 182 168
95 172 161
77 163 153
60 154 146
48 143 135
41 131 123
34 119 110
27 107 98
20 95 85
13 83 73
6 71 60
0 60 48
prec_seq_21
255 255 229
238 246 221
221 237 214
204 228 207
187 220 200
170 211 193
154 203 186
137 194 178
120 185 171
103 177 164
86 168 157
69 159 150
52 150 142
46 139 131
39 128 119
33 116 107
26 105 95
19 94 83
13 82 71
6 71 59
0 60 48
