slev_seq_5
254 254 254
187 199 148
107 141 146
46 89 149
0 5 74
slev_seq_6
254 254 254
212 218 167
132 158 137
83 125 155
35 74 139
0 5 74
slev_seq_7
254 254 254
226 229 183
152 172 135
107 141 146
67 111 157
28 63 131
0 5 74
slev_seq_8
254 254 254
234 236 194
171 186 139
124 152 139
90 130 153
55 99 154
23 55 124
0 5 74
slev_seq_9
254 254 254
239 240 203
187 199 148
139 162 135
107 141 146
77 120 156
46 89 149
20 49 118
0 5 74
slev_seq_10
254 254 254
242 242 209
201 210 158
152 172 135
120 150 141
94 132 152
67 111 157
40 81 144
17 44 113
0 5 74
slev_seq_11
254 254 254
244 244 214
212 218 167
165 182 137
132 158 137
107 141 146
83 125 155
58 103 155
35 74 139
15 41 110
0 5 74
slev_seq_12
254 254 254
245 246 218
220 225 176
177 191 142
142 165 135
118 148 142
96 134 151
74 118 157
52 96 152
31 68 135
13 37 106
0 5 74
slev_seq_13
254 254 254
247 247 221
226 229 183
187 199 148
152 172 135
128 154 138
107 141 146
87 128 154
67 111 157
46 89 149
28 63 131
12 35 104
0 5 74
slev_seq_14
254 254 254
248 247 224
230 233 189
197 207 154
162 179 137
136 160 136
116 147 142
98 135 150
79 122 156
60 105 156
42 84 146
25 59 127
11 33 102
0 5 74
slev_seq_15
254 254 254
248 248 226
234 236 194
205 213 161
171 186 139
144 166 135
124 152 139
107 141 146
90 130 153
73 116 157
55 99 154
38 79 143
23 55 124
9 31 100
0 5 74
slev_seq_16
254 254 254
249 249 228
236 238 199
212 218 167
179 193 143
152 172 135
132 158 137
115 146 143
99 136 150
83 125 155
67 111 157
50 94 152
35 74 139
21 52 121
8 29 98
0 5 74
slev_seq_17
254 254 254
249 249 230
239 240 203
217 223 173
187 199 148
160 178 136
139 162 135
122 151 140
107 141 146
92 131 152
77 120 156
62 106 156
46 89 149
32 70 136
20 49 118
8 28 96
0 5 74
slev_seq_18
254 254 254
250 249 231
240 241 206
222 226 178
195 205 153
167 184 138
146 167 135
129 155 138
114 146 143
100 136 149
86 127 154
72 115 157
57 102 155
43 85 147
30 66 133
18 46 116
7 27 95
0 5 74
slev_seq_19
254 254 254
250 250 233
242 242 209
226 229 183
201 210 158
174 189 141
152 172 135
135 160 136
120 150 141
107 141 146
94 132 152
80 123 156
67 111 157
53 97 153
40 81 144
28 63 131
17 44 113
6 25 94
0 5 74
slev_seq_20
254 254 254
250 250 234
243 243 212
229 232 187
207 214 162
181 194 144
159 177 136
141 164 135
126 154 139
113 145 144
101 137 149
88 128 154
75 119 156
62 107 156
49 93 151
37 77 142
26 60 128
16 42 111
6 24 93
0 5 74
slev_seq_21
254 254 254
250 250 235
244 244 214
232 234 191
212 218 167
187 199 148
165 182 137
147 168 135
132 158 137
119 149 141
107 141 146
95 133 151
83 125 155
71 115 157
58 103 155
46 89 149
35 74 139
24 57 126
15 41 110
5 24 92
0 5 74
