slev_div_5
2 71 104
89 183 228
248 248 248
235 158 42
80 56 33
slev_div_6
2 71 104
71 161 204
185 223 241
243 212 166
204 138 40
80 56 33
slev_div_7
2 71 104
60 146 187
142 205 235
248 248 248
240 189 111
184 124 39
80 56 33
slev_div_8
2 71 104
51 135 175
111 193 231
203 230 243
245 223 189
237 171 71
169 114 38
80 56 33
slev_div_9
2 71 104
45 127 166
89 183 228
169 216 239
248 248 248
242 203 145
235 158 42
157 107 37
80 56 33
slev_div_10
2 71 104
40 121 159
79 171 215
142 205 235
213 234 244
246 228 203
240 189 111
218 147 41
149 101 37
80 56 33
slev_div_11
2 71 104
36 116 154
71 161 204
121 197 233
185 223 241
248 248 248
243 212 166
238 176 83
204 138 40
142 97 36
80 56 33
slev_div_12
2 71 104
33 112 149
65 153 194
103 189 230
161 213 238
219 237 245
246 232 211
241 199 136
237 167 60
193 130 39
136 93 36
80 56 33
slev_div_13
2 71 104
31 108 145
60 146 187
89 183 228
142 205 235
195 227 242
248 248 248
244 219 180
240 189 111
235 158 42
184 124 39
132 90 36
80 56 33
slev_div_14
2 71 104
28 105 142
55 140 180
82 175 219
125 198 233
175 219 239
224 239 245
247 235 217
243 207 153
239 179 89
224 151 41
175 119 38
128 87 35
80 56 33
slev_div_15
2 71 104
26 103 139
51 135 175
76 167 211
111 193 231
157 211 237
203 230 243
248 248 248
245 223 189
241 197 130
237 171 71
213 144 40
169 114 38
124 85 35
80 56 33
slev_div_16
2 71 104
25 101 137
48 131 170
71 161 204
99 188 230
142 205 235
185 223 241
227 240 246
247 237 221
243 212 166
240 189 111
236 164 55
204 138 40
163 110 37
121 83 35
80 56 33
slev_div_17
2 71 104
23 99 135
45 127 166
67 155 197
89 183 228
129 200 234
169 216 239
209 232 244
248 248 248
245 226 197
242 203 145
239 181 93
235 158 42
197 133 39
157 107 37
119 81 35
80 56 33
slev_div_18
2 71 104
22 97 133
42 124 162
63 150 192
83 177 221
117 195 232
154 210 237
192 226 241
230 241 246
247 238 224
244 217 175
241 196 127
238 174 78
226 152 41
190 128 39
153 104 37
116 80 35
80 56 33
slev_div_19
2 71 104
21 96 131
40 121 159
60 146 187
79 171 215
106 191 231
142 205 235
177 220 240
213 234 244
248 248 248
246 228 203
243 209 157
240 189 111
237 169 65
218 147 41
184 124 39
149 101 37
114 78 35
80 56 33
slev_div_20
2 71 104
20 94 130
38 118 156
56 142 182
75 166 209
97 187 230
131 201 234
164 214 238
198 228 242
232 242 246
247 239 227
244 220 183
242 201 140
239 182 96
236 163 52
211 142 40
178 121 38
145 99 36
112 77 34
80 56 33
slev_div_21
2 71 104
19 93 129
36 116 154
54 138 179
71 161 204
89 183 228
121 197 233
153 210 237
185 223 241
217 235 245
248 248 248
246 231 207
243 212 166
241 195 124
238 176 83
235 158 42
204 138 40
173 117 38
142 97 36
111 76 34
80 56 33
