temp_seq_5
254 254 203
241 195 95
222 116 79
126 59 52
25 25 0
temp_seq_6
254 254 203
245 212 112
231 147 82
194 84 73
104 52 42
25 25 0
temp_seq_7
254 254 203
248 222 127
235 167 84
222 116 79
164 70 66
89 47 35
25 25 0
temp_seq_8
254 254 203
249 228 138
239 182 89
229 139 81
204 93 75
142 64 58
79 44 30
25 25 0
temp_seq_9
254 254 203
250 232 146
241 195 95
233 155 82
222 116 79
183 78 71
126 59 52
72 42 26
25 25 0
temp_seq_10
254 254 203
251 235 153
244 204 104
235 167 84
228 134 80
209 98 76
164 70 66
114 55 46
66 40 24
25 25 0
temp_seq_11
254 254 203
251 237 158
245 212 112
238 178 87
231 147 82
222 116 79
194 84 73
149 65 61
104 52 42
62 38 22
25 25 0
temp_seq_12
254 254 203
252 239 162
247 218 120
240 187 91
233 158 83
227 131 80
212 101 77
178 76 69
136 62 56
96 50 38
58 37 20
25 25 0
temp_seq_13
254 254 203
252 240 165
248 222 127
241 195 95
235 167 84
230 142 81
222 116 79
200 89 74
164 70 66
126 59 52
89 47 35
55 36 19
25 25 0
temp_seq_14
254 254 203
252 242 168
249 225 132
243 201 101
237 175 86
232 152 82
226 129 80
214 104 77
187 80 72
152 67 62
117 56 48
84 46 32
53 35 18
25 25 0
temp_seq_15
254 254 203
252 243 171
249 228 138
244 207 106
239 182 89
234 160 83
229 139 81
222 116 79
204 93 75
175 75 69
142 64 58
110 54 45
79 44 30
51 35 17
25 25 0
temp_seq_16
254 254 203
253 243 173
250 230 142
245 212 112
240 189 92
235 167 84
231 147 82
226 127 80
215 105 77
194 84 73
164 70 66
134 61 55
104 52 42
75 43 28
49 34 16
25 25 0
temp_seq_17
254 254 203
253 244 175
250 232 146
246 216 117
241 195 95
237 174 86
233 155 82
228 136 81
222 116 79
207 96 76
183 78 71
155 67 63
126 59 52
98 50 39
72 42 26
47 34 15
25 25 0
temp_seq_18
254 254 203
253 245 177
250 234 150
247 219 122
243 200 99
238 180 87
234 161 83
230 144 81
225 126 80
216 107 78
198 88 74
173 74 68
146 65 60
119 57 49
94 49 37
69 41 25
46 33 15
25 25 0
temp_seq_19
254 254 203
253 245 178
251 235 153
248 222 127
244 204 104
239 185 90
235 167 84
232 151 82
228 134 80
222 116 79
209 98 76
189 82 72
164 70 66
139 63 57
114 55 46
89 47 35
66 40 24
45 33 14
25 25 0
temp_seq_20
254 254 203
253 246 180
251 236 155
248 224 131
245 208 108
240 190 92
236 173 85
233 157 82
230 141 81
225 125 80
217 108 78
202 90 75
180 77 70
156 68 63
132 61 54
108 53 44
86 46 33
64 39 23
43 32 13
25 25 0
temp_seq_21
254 254 203
253 246 181
251 237 158
249 226 134
245 212 112
241 195 95
238 178 87
234 162 83
231 147 82
227 132 80
222 116 79
211 100 77
194 84 73
172 73 68
149 65 61
126 59 52
104 52 42
82 45 31
62 38 22
43 32 13
25 25 0
