temp_div_5
5 48 97
97 163 203
248 248 248
219 121 105
103 0 31
temp_div_6
5 48 97
67 147 195
188 214 230
237 197 191
214 96 76
103 0 31
temp_div_7
5 48 97
56 130 178
147 192 219
248 248 248
229 163 153
195 80 69
103 0 31
temp_div_8
5 48 97
49 118 166
118 176 210
205 224 236
240 212 208
224 139 126
182 68 63
103 0 31
temp_div_9
5 48 97
43 109 158
97 163 203
173 206 226
248 248 248
234 185 177
219 121 105
172 60 59
103 0 31
temp_div_10
5 48 97
39 102 151
80 154 199
147 192 219
215 230 238
242 220 217
229 163 153
216 107 89
164 53 56
103 0 31
temp_div_11
5 48 97
36 97 146
67 147 195
127 181 212
188 214 230
248 248 248
237 197 191
225 146 134
214 96 76
158 48 54
103 0 31
temp_div_12
5 48 97
33 93 141
61 138 186
111 171 208
166 202 224
221 233 240
243 225 222
233 179 170
222 133 118
203 87 72
153 43 51
103 0 31
temp_div_13
5 48 97
30 89 137
56 130 178
97 163 203
147 192 219
198 220 234
248 248 248
239 206 201
229 163 153
219 121 105
195 80 69
149 40 50
103 0 31
temp_div_14
5 48 97
28 86 134
52 124 172
85 157 200
132 183 214
178 209 228
225 235 242
244 229 226
235 190 182
226 150 138
217 111 94
188 73 66
145 36 48
103 0 31
temp_div_15
5 48 97
27 83 131
49 118 166
75 151 197
118 176 210
162 200 223
205 224 236
248 248 248
240 212 208
232 176 167
224 139 126
215 103 85
182 68 63
142 34 47
103 0 31
temp_div_16
5 48 97
25 81 129
46 113 162
67 147 195
107 169 207
147 192 219
188 214 230
228 237 243
245 232 229
237 198 191
229 163 153
221 130 115
214 96 76
177 64 61
140 32 46
103 0 31
temp_div_17
5 48 97
24 78 127
43 109 158
63 140 188
97 163 203
135 185 215
173 206 226
211 227 237
248 248 248
241 217 213
234 185 177
227 153 141
219 121 105
207 89 74
172 60 59
137 30 45
103 0 31
temp_div_18
5 48 97
23 77 125
41 106 154
59 135 183
88 159 201
124 179 211
159 198 222
195 219 233
231 239 243
245 234 232
238 203 198
231 174 164
224 144 130
218 113 97
200 84 71
168 56 58
135 28 44
103 0 31
temp_div_19
5 48 97
22 75 124
39 102 151
56 130 178
80 154 199
114 173 209
147 192 219
181 211 228
215 230 238
248 248 248
242 220 217
236 192 185
229 163 153
223 135 121
216 107 89
195 80 69
164 53 56
133 26 43
103 0 31
temp_div_20
5 48 97
21 74 122
37 100 148
53 126 174
73 150 196
105 168 206
137 186 215
169 204 225
201 222 234
233 240 244
245 235 233
239 208 203
233 181 173
227 155 143
221 128 113
215 101 83
190 75 67
161 50 55
132 25 43
103 0 31
temp_div_21
5 48 97
20 72 121
36 97 146
51 122 170
67 147 195
97 163 203
127 181 212
158 198 222
188 214 230
218 232 240
248 248 248
243 223 220
237 197 191
231 172 163
225 146 134
219 121 105
214 96 76
186 72 65
158 48 54
130 24 42
103 0 31
