wind_div_5
43 25 76
85 125 165
218 229 229
106 167 111
66 76 2
wind_div_6
43 25 76
61 104 149
170 190 210
183 212 185
82 150 84
66 76 2
wind_div_7
43 25 76
49 89 138
131 161 190
218 229 229
148 192 152
71 135 66
66 76 2
wind_div_8
43 25 76
44 79 129
105 140 176
186 203 219
197 221 200
124 178 129
66 125 53
66 76 2
wind_div_9
43 25 76
42 72 122
85 125 165
155 179 202
218 229 229
170 205 173
106 167 111
64 118 45
66 76 2
wind_div_10
43 25 76
41 67 117
71 113 157
131 161 190
195 210 223
205 225 208
148 192 152
93 158 96
64 112 39
66 76 2
wind_div_11
43 25 76
41 62 113
61 104 149
113 147 180
170 190 210
218 229 229
183 212 185
131 182 136
82 150 84
64 108 35
66 76 2
wind_div_12
43 25 76
41 59 109
54 96 143
98 135 172
149 174 199
201 214 225
209 228 213
164 201 167
118 174 122
75 142 74
64 105 32
66 76 2
wind_div_13
43 25 76
41 56 107
49 89 138
85 125 165
131 161 190
179 198 215
218 229 229
191 217 194
148 192 152
106 167 111
71 135 66
64 102 29
66 76 2
wind_div_14
43 25 76
42 53 104
46 84 133
75 117 159
117 150 182
161 183 205
204 217 227
212 229 216
175 208 178
135 185 139
97 161 101
68 130 59
64 100 27
66 76 2
wind_div_15
43 25 76
42 51 102
44 79 129
67 110 154
105 140 176
145 171 197
186 203 219
218 229 229
197 221 200
160 199 164
124 178 129
89 155 92
66 125 53
65 98 25
66 76 2
wind_div_16
43 25 76
42 50 100
43 75 126
61 104 149
94 132 170
131 161 190
170 190 210
207 219 228
214 230 218
183 212 185
148 192 152
114 172 119
82 150 84
65 121 49
65 97 24
66 76 2
wind_div_17
43 25 76
42 48 99
42 72 122
56 98 145
85 125 165
120 152 184
155 179 202
191 207 221
218 229 229
202 223 204
170 205 173
138 186 142
106 167 111
77 144 77
64 118 45
65 95 22
66 76 2
wind_div_18
43 25 76
42 47 97
41 69 120
52 94 141
78 119 161
109 144 178
143 170 196
177 195 214
209 221 228
215 230 220
189 216 191
158 198 162
128 181 133
99 162 103
73 140 71
64 115 42
65 94 21
66 76 2
wind_div_19
43 25 76
42 46 96
41 67 117
49 89 138
71 113 157
100 137 173
131 161 190
163 185 207
195 210 223
218 229 229
205 225 208
177 209 180
148 192 152
120 176 125
93 158 96
71 135 66
64 112 39
65 93 20
66 76 2
wind_div_20
43 25 76
42 44 95
41 64 115
47 86 135
66 108 153
93 131 169
122 153 185
152 176 200
182 199 216
210 222 229
216 230 221
193 219 196
166 203 169
139 187 143
113 171 117
87 154 90
69 132 61
64 110 37
65 92 19
66 76 2
wind_div_21
43 25 76
42 43 94
41 62 113
45 82 132
61 104 149
85 125 165
113 147 180
141 168 195
170 190 210
198 212 224
218 229 229
207 226 210
183 212 185
157 197 160
131 182 136
106 167 111
82 150 84
67 128 57
64 108 35
65 91 18
66 76 2
