wind_seq_5
254 252 205
201 186 69
96 146 11
11 95 44
23 35 18
wind_seq_6
254 252 205
216 196 95
141 161 11
50 128 30
15 83 44
23 35 18
wind_seq_7
254 252 205
224 204 113
170 171 32
96 146 11
24 114 39
19 75 42
23 35 18
wind_seq_8
254 252 205
229 211 126
189 179 52
128 157 6
63 133 25
12 103 43
22 69 40
23 35 18
wind_seq_9
254 252 205
233 215 136
201 186 69
152 165 18
96 146 11
39 123 34
11 95 44
23 65 38
23 35 18
wind_seq_10
254 252 205
235 219 144
210 192 83
170 171 32
121 154 5
70 136 22
24 114 39
13 88 44
24 61 36
23 35 18
wind_seq_11
254 252 205
237 222 150
216 196 95
183 177 45
141 161 11
96 146 11
50 128 30
15 107 42
15 83 44
24 59 35
23 35 18
wind_seq_12
254 252 205
239 225 155
220 201 105
193 182 58
157 167 21
117 153 5
75 138 20
35 120 36
11 100 44
18 79 43
25 56 34
23 35 18
wind_seq_13
254 252 205
240 227 159
224 204 113
201 186 69
170 171 32
134 159 7
96 146 11
57 131 28
24 114 39
11 95 44
19 75 42
25 55 33
23 35 18
wind_seq_14
254 252 205
241 229 163
227 208 120
207 190 78
180 176 42
148 163 15
113 152 6
78 139 19
43 125 33
16 108 42
12 90 44
21 72 41
25 53 32
23 35 18
wind_seq_15
254 252 205
242 231 166
229 211 126
212 193 87
189 179 52
160 168 23
128 157 6
96 146 11
63 133 25
32 119 37
12 103 43
14 86 44
22 69 40
25 52 31
23 35 18
wind_seq_16
254 252 205
243 232 168
231 213 132
216 196 95
195 183 60
170 171 32
141 161 11
111 151 6
80 140 18
50 128 30
24 114 39
10 99 44
15 83 44
22 67 39
25 51 30
23 35 18
wind_seq_17
254 252 205
244 233 171
233 215 136
219 199 102
201 186 69
178 175 40
152 165 18
124 155 5
96 146 11
67 135 24
39 123 34
18 109 41
11 95 44
17 80 43
23 65 38
25 50 30
23 35 18
wind_seq_18
254 252 205
244 234 173
234 217 140
222 202 108
206 189 76
185 178 48
162 168 25
136 159 8
109 150 7
82 141 17
55 130 28
31 118 37
13 105 43
12 92 44
18 77 42
23 63 37
25 49 29
23 35 18
wind_seq_19
254 252 205
245 235 174
235 219 144
224 204 113
210 192 83
191 181 55
170 171 32
146 163 13
121 154 5
96 146 11
70 136 22
45 126 32
24 114 39
11 102 43
13 88 44
19 75 42
24 61 36
25 48 28
23 35 18
wind_seq_20
254 252 205
245 236 176
236 221 147
226 207 118
213 194 89
197 183 62
177 174 39
155 166 20
132 158 7
108 150 7
83 141 17
59 132 27
37 121 35
18 110 41
10 98 44
14 86 44
20 73 41
24 60 36
25 47 28
23 35 18
wind_seq_21
254 252 205
246 237 177
237 222 150
228 209 122
216 196 95
201 186 69
183 177 45
163 169 26
141 161 11
119 153 5
96 146 11
72 137 21
50 128 30
30 118 38
15 107 42
11 95 44
15 83 44
21 71 41
24 59 35
25 47 28
23 35 18
