0.32941176470588235 0.18823529411764706 0.0196078431372549
0.3376393694732795 0.1944636678200692 0.022683583237216455
0.34586697424067664 0.20069204152249134 0.02575932333717801
0.35409457900807384 0.2069204152249135 0.02883506343713956
0.362322183775471 0.21314878892733563 0.031910803537101115
0.37054978854286813 0.2193771626297578 0.03498654363706267
0.3787773933102653 0.22560553633217992 0.03806228373702422
0.3870049980776624 0.23183391003460208 0.041138023836985775
0.39523260284505957 0.2380622837370242 0.04421376393694733
0.40346020761245677 0.24429065743944636 0.04728950403690888
0.4116878123798539 0.2505190311418685 0.050365244136870435
0.41991541714725106 0.25674740484429065 0.05344098423683199
0.4281430219146482 0.2629757785467128 0.05651672433679354
0.43637062668204535 0.26920415224913496 0.05959246443675509
0.44459823144944255 0.2754325259515571 0.06266820453671665
0.4528258362168397 0.2816608996539792 0.06574394463667821
0.46105344098423684 0.28788927335640135 0.06881968473663976
0.469281045751634 0.2941176470588235 0.0718954248366013
0.47750865051903113 0.30034602076124567 0.07497116493656286
0.4857362552864283 0.3065743944636678 0.07804690503652442
0.4939638600538254 0.31280276816609 0.08112264513648595
0.5021914648212226 0.3190311418685121 0.08419838523644751
0.5104190695886197 0.32525951557093424 0.08727412533640908
0.518646674356017 0.3314878892733564 0.09034986543637062
0.526874279123414 0.3377162629757785 0.09342560553633218
0.5351018838908113 0.34394463667820063 0.09650134563629373
0.5433294886582084 0.3501730103806228 0.09957708573625527
0.5515570934256055 0.356401384083045 0.10265282583621683
0.5597846981930027 0.36262975778546713 0.1057285659361784
0.5680123029603998 0.36885813148788926 0.10880430603613994
0.576239907727797 0.3750865051903114 0.1118800461361015
0.5844675124951941 0.3813148788927335 0.11495578623606305
0.5926951172625914 0.38754325259515565 0.11803152633602461
0.6009227220299884 0.3937716262975778 0.12110726643598613
0.6091503267973857 0.39999999999999997 0.1241830065359477
0.6173779315647827 0.40622837370242215 0.12725874663590925
0.62560553633218 0.4124567474048443 0.13033448673587084
0.633833141099577 0.4186851211072664 0.13341022683583237
0.6420607458669743 0.42491349480968854 0.13648596693579393
0.6502883506343713 0.43114186851211067 0.1395617070357555
0.6585159554017685 0.43737024221453286 0.14263744713571702
0.6667435601691656 0.44359861591695493 0.14571318723567855
0.6749711649365628 0.4498269896193771 0.14878892733564014
0.6831987697039601 0.4560553633217993 0.15186466743560167
0.6914263744713571 0.46228373702422143 0.15494040753556326
0.6996539792387543 0.46851211072664356 0.1580161476355248
0.7078815840061514 0.47474048442906575 0.16109188773548633
0.7161091887735487 0.4809688581314879 0.16416762783544792
0.7243367935409457 0.48719723183391 0.16724336793540945
0.7325643983083429 0.4934256055363321 0.17031910803537098
0.7407920030757401 0.49965397923875426 0.17339484813533257
0.7490196078431373 0.5058823529411764 0.1764705882352941
0.7519928232731001 0.5120338331410995 0.1869281045751634
0.7549660387030629 0.5181853133410226 0.19738562091503262
0.7579392541330258 0.5243367935409458 0.20784313725490197
0.7609124695629886 0.5304882737408689 0.21830065359477124
0.7638856849929514 0.536639753940792 0.22875816993464054
0.7668589004229143 0.5427912341407151 0.23921568627450973
0.7698321158528771 0.5489427143406382 0.2496732026143791
0.7728053312828399 0.5550941945405613 0.2601307189542484
0.7757785467128028 0.5612456747404844 0.27058823529411763
0.7787517621427655 0.5673971549404074 0.2810457516339868
0.7817249775727284 0.5735486351403306 0.2915032679738562
0.7846981930026913 0.5797001153402537 0.3019607843137255
0.7876714084326542 0.5858515955401769 0.31241830065359477
0.7906446238626169 0.5920030757400999 0.322875816993464
0.7936178392925797 0.598154555940023 0.33333333333333315
0.7965910547225427 0.6043060361399462 0.3437908496732026
0.7995642701525054 0.6104575163398692 0.35424836601307186
0.8025374855824683 0.6166089965397924 0.36470588235294116
0.8055107010124312 0.6227604767397155 0.37516339869281046
0.8084839164423939 0.6289119569396386 0.38562091503267976
0.8114571318723568 0.6350634371395617 0.39607843137254906
0.8144303473023196 0.6412149173394848 0.4065359477124183
0.8174035627322824 0.6473663975394078 0.41699346405228743
0.8203767781622453 0.653517877739331 0.4274509803921569
0.8233499935922082 0.6596693579392541 0.43790849673202614
0.8263232090221709 0.6658208381391773 0.4483660130718954
0.8292964244521338 0.6719723183391003 0.45882352941176474
0.8322696398820966 0.6781237985390234 0.469281045751634
0.8352428553120594 0.6842752787389466 0.47973856209150323
0.8382160707420223 0.6904267589388696 0.4901960784313726
0.8411892861719851 0.6965782391387927 0.5006535947712417
0.844162501601948 0.7027297193387159 0.5111111111111111
0.8471357170319108 0.708881199538639 0.5215686274509804
0.8501089324618736 0.715032679738562 0.5320261437908497
0.8530821478918365 0.7211841599384852 0.5424836601307189
0.8560553633217993 0.7273356401384083 0.5529411764705882
0.8590285787517621 0.7334871203383314 0.5633986928104575
0.862001794181725 0.7396386005382545 0.5738562091503268
0.8649750096116877 0.7457900807381775 0.5843137254901959
0.8679482250416506 0.7519415609381007 0.5947712418300654
0.8709214404716135 0.7580930411380238 0.6052287581699346
0.8738946559015763 0.764244521337947 0.615686274509804
0.8768678713315392 0.77039600153787 0.6261437908496732
0.879841086761502 0.7765474817377931 0.6366013071895424
0.8828143021914648 0.7826989619377163 0.6470588235294118
0.8857875176214276 0.7888504421376393 0.657516339869281
0.8887607330513905 0.7950019223375624 0.6679738562091502
0.8917339484813533 0.8011534025374856 0.6784313725490196
0.8947071639113161 0.8073048827374086 0.6888888888888889
0.897680379341279 0.8134563629373317 0.6993464052287581
0.9006535947712417 0.8196078431372549 0.7098039215686274
0.9036268102012046 0.825759323337178 0.7202614379084967
0.9066000256311675 0.831910803537101 0.730718954248366
0.9095732410611304 0.8380622837370242 0.7411764705882353
0.9125464564910931 0.8442137639369471 0.7516339869281043
0.915519671921056 0.8503652441368703 0.7620915032679738
0.9184928873510189 0.8565167243367935 0.7725490196078432
0.9214661027809816 0.8626682045367167 0.7830065359477124
0.9244393182109445 0.8688196847366397 0.7934640522875818
0.9274125336409074 0.8749711649365628 0.803921568627451
0.9303857490708702 0.881122645136486 0.8143790849673203
0.933358964500833 0.887274125336409 0.8248366013071895
0.9363321799307958 0.8934256055363321 0.8352941176470587
0.9393053953607586 0.8995770857362553 0.8457516339869281
0.9422786107907215 0.9057285659361783 0.8562091503267973
0.9452518262206844 0.9118800461361015 0.8666666666666667
0.9482250416506471 0.9180315263360246 0.8771241830065359
0.95119825708061 0.9241830065359476 0.8875816993464052
0.9541714725105728 0.9303344867358708 0.8980392156862745
0.9571446879405356 0.9364859669357939 0.9084967320261438
0.9601179033704985 0.9426374471357168 0.9189542483660129
0.9630911188004614 0.9487889273356401 0.9294117647058823
0.9660643342304241 0.9549404075355632 0.9398692810457516
0.969037549660387 0.9610918877354864 0.9503267973856209
0.9720107650903498 0.9672433679354094 0.9607843137254901
0.9749839805203127 0.9733948481353325 0.9712418300653595
0.9714468794053569 0.9739587338203255 0.9737536844803281
0.9613994617454825 0.9689350249903883 0.968319876970396
0.951352044085608 0.9639113161604511 0.9628860694604638
0.9413046264257336 0.9588876073305139 0.9574522619505318
0.9312572087658595 0.9538638985005768 0.9520184544405998
0.9212097911059849 0.9488401896706394 0.9465846469306677
0.9111623734461105 0.9438164808407022 0.9411508394207356
0.901114955786236 0.938792772010765 0.9357170319108035
0.8910675381263616 0.9337690631808279 0.9302832244008714
0.8810201204664873 0.9287453543508907 0.9248494168909394
0.8709727028066128 0.9237216455209535 0.9194156093810073
0.8609252851467384 0.9186979366910163 0.9139818018710753
0.850877867486864 0.913674227861079 0.9085479943611431
0.8408304498269896 0.9086505190311418 0.903114186851211
0.8307830321671152 0.9036268102012046 0.897680379341279
0.8207356145072408 0.8986031013712674 0.8922465718313469
0.8106881968473664 0.8935793925413302 0.8868127643214148
0.800640779187492 0.888555683711393 0.8813789568114827
0.7905933615276176 0.8835319748814559 0.8759451493015507
0.7805459438677431 0.8785082660515187 0.8705113417916186
0.7704985262078691 0.8734845572215816 0.8650775342816867
0.7604511085479944 0.8684608483916443 0.8596437267717545
0.75040369088812 0.863437139561707 0.8542099192618223
0.7403562732282455 0.8584134307317698 0.8487761117518903
0.7303088555683712 0.8533897219018326 0.8433423042419582
0.7202614379084967 0.8483660130718954 0.8379084967320262
0.7102140202486223 0.8433423042419582 0.832474689222094
0.7001666025887479 0.838318595412021 0.827040881712162
0.6901191849288735 0.8332948865820837 0.8216070742022299
0.6800717672689991 0.8282711777521465 0.8161732666922978
0.6700243496091247 0.8232474689222093 0.8107394591823658
0.6599769319492503 0.8182237600922722 0.8053056516724337
0.649929514289376 0.813200051262335 0.7998718441625016
0.6398820966295015 0.8081763424323978 0.7944380366525695
0.6298346789696271 0.8031526336024606 0.7890042291426375
0.6197872613097526 0.7981289247725234 0.7835704216327053
0.6097398436498785 0.7931052159425863 0.7781366141227735
0.5996924259900038 0.788081507112649 0.7727028066128412
0.5896450083301294 0.7830577982827118 0.7672689991029091
0.5795975906702551 0.7780340894527745 0.7618351915929771
0.5695501730103807 0.7730103806228373 0.756401384083045
0.5595027553505063 0.7679866717929001 0.750967576573113
0.5494553376906318 0.762962962962963 0.7455337690631808
0.5394079200307574 0.7579392541330258 0.7400999615532488
0.529360502370883 0.7529155453030885 0.7346661540433166
0.5193130847110086 0.7478918364731514 0.7292323465333845
0.5092656670511342 0.7428681276432142 0.7237985390234525
0.49921824939125975 0.7378444188132769 0.7183647315135204
0.4891708317313854 0.7328207099833397 0.7129309240035884
0.47912341407151093 0.7277970011534025 0.7074971164936563
0.46907599641163655 0.7227732923234653 0.7020633089837243
0.4590285787517622 0.7177495834935281 0.6966295014737921
0.448981161091888 0.712725874663591 0.6911956939638602
0.4389337434320134 0.7077021658336538 0.685761886453928
0.4288863257721389 0.7026784570037166 0.6803280789439958
0.41883890811226454 0.6976547481737794 0.6748942714340638
0.40879149045239005 0.6926310393438421 0.6694604639241317
0.3987440727925158 0.687607330513905 0.6640266564141997
0.3886966551326414 0.6825836216839678 0.6585928489042676
0.3786492374727669 0.6775599128540305 0.6531590413943356
0.36860181981289253 0.6725362040240933 0.6477252338844035
0.35855440215301804 0.667512495194156 0.6422914263744713
0.34850698449314366 0.6624887863642188 0.6368576188645393
0.3384595668332693 0.6574650775342816 0.6314238113546071
0.3284121491733949 0.6524413687043444 0.6259900038446751
0.3183647315135205 0.6474176598744072 0.620556196334743
0.308317313853646 0.6423939510444701 0.615122388824811
0.29826989619377164 0.6373702422145329 0.6096885813148789
0.2882224785338976 0.6323465333845959 0.604254773804947
0.2781750608740229 0.6273228245546585 0.5988209662950148
0.2681276432141485 0.6222991157247213 0.5933871587850827
0.258080225554274 0.6172754068947841 0.5879533512751506
0.24803280789439963 0.6122516980648469 0.5825195437652185
0.23798539023452525 0.6072279892349097 0.5770857362552864
0.22793797257465087 0.6022042804049725 0.5716519287453543
0.21789055491477638 0.5971805715750352 0.5662181212354223
0.207843137254902 0.592156862745098 0.5607843137254902
0.2037677816224529 0.5851595540176855 0.5534794309880815
0.19969242599000386 0.5781622452902729 0.5461745482506728
0.1956170703575548 0.5711649365628605 0.5388696655132641
0.19154171472510573 0.5641676278354479 0.5315647827758554
0.1874663590926567 0.5571703191080354 0.5242599000384468
0.18339100346020762 0.5501730103806228 0.5169550173010381
0.17931564782775855 0.5431757016532103 0.5096501345636294
0.17524029219530962 0.5361783929257979 0.5023452518262209
0.17116493656286044 0.5291810841983853 0.495040369088812
0.16708958093041137 0.5221837754709727 0.4877354863514033
0.16301422529796233 0.5151864667435602 0.4804306036139946
0.15893886966551327 0.5081891580161476 0.47312572087658594
0.15486351403306423 0.5011918492887351 0.46582083813917724
0.15078815840061516 0.49419454056132256 0.45851595540176854
0.1467128027681661 0.48719723183391006 0.4512110726643599
0.14263744713571702 0.4801999231064975 0.4439061899269512
0.13856209150326798 0.47320261437908495 0.4366013071895425
0.1344867358708189 0.4662053056516724 0.4292964244521338
0.13041138023836985 0.4592079969242599 0.4219915417147251
0.1263360246059208 0.4522106881968474 0.4146866589773164
0.12226066897347175 0.44521337946943484 0.40738177623990773
0.11818531334102268 0.4382160707420223 0.40007689350249903
0.11410995770857363 0.43121876201460974 0.3927720107650904
0.11003460207612469 0.4242214532871974 0.3854671280276819
0.10595924644367552 0.41722414455978474 0.378162245290273
0.10188389081122647 0.4102268358323722 0.3708573625528643
0.0978085351787774 0.40322952710495963 0.3635524798154556
0.09373317954632833 0.3962322183775471 0.3562475970780469
0.08965782391387929 0.3892349096501346 0.3489427143406382
0.08558246828143022 0.382237600922722 0.3416378316032295
0.08150711264898117 0.3752402921953095 0.3343329488658209
0.0774317570165321 0.36824298346789697 0.3270280661284122
0.07335640138408303 0.3612456747404844 0.3197231833910035
0.06928104575163399 0.3542483660130719 0.31241830065359477
0.06520569011918492 0.34725105728565936 0.30511341791618607
0.061130334486735854 0.3402537485582468 0.29780853517877737
0.057054978854286814 0.3332564398308343 0.2905036524413687
0.052979623221837746 0.32625913110342175 0.28319876970396
0.048904267589388706 0.31926182237600925 0.27589388696655137
0.04482891195693975 0.3122645136485969 0.26858900422914284
0.04075355632449057 0.30526720492118414 0.2612841214917339
0.03667820069204153 0.29826989619377164 0.25397923875432526
0.03260284505959246 0.2912725874663591 0.24667435601691656
0.028527489427143393 0.28427527873894654 0.23936947327950786
0.024452133794694353 0.27727797001153404 0.23206459054209921
0.020376778162245285 0.2702806612841215 0.2247597078046905
0.016301422529796245 0.263283352556709 0.2174548250672818
0.012226066897347176 0.25628604382929643 0.2101499423298731
0.008150711264898108 0.24928873510188387 0.2028450595924644
0.004075355632449068 0.24229142637447137 0.19554017685505576
0.0 0.23529411764705882 0.18823529411764706
