1.0 1.0 0.8980392156862745
0.9948225041650647 0.9973343585800333 0.8958349352813021
0.9896450083301295 0.9946687171600667 0.8936306548763296
0.9844675124951942 0.9920030757400999 0.8914263744713572
0.9792900166602588 0.9893374343201333 0.8892220940663847
0.9741125208253236 0.9866717929001666 0.8870178136614123
0.9689350249903883 0.9840061514801999 0.8848135332564399
0.963757529155453 0.9813405100602333 0.8826092528514674
0.9585800333205178 0.9786748686402665 0.880404972446495
0.9534025374855825 0.9760092272202999 0.8782006920415225
0.9482250416506471 0.9733435858003332 0.8759964116365501
0.9430475458157119 0.9706779443803665 0.8737921312315776
0.9378700499807766 0.9680123029603999 0.8715878508266052
0.9326925541458413 0.9653466615404331 0.8693835704216327
0.9275150583109061 0.9626810201204665 0.8671792900166603
0.9223375624759708 0.9600153787004998 0.8649750096116878
0.9171600666410356 0.9573497372805331 0.8627707292067154
0.9119825708061002 0.9546840958605665 0.8605664488017429
0.9068050749711649 0.9520184544405997 0.8583621683967705
0.9016275791362296 0.9493528130206331 0.856157887991798
0.8964500833012944 0.9466871716006664 0.8539536075868256
0.8912725874663591 0.9440215301806997 0.8517493271818531
0.8860950916314239 0.9413558887607331 0.8495450467768807
0.8809175957964885 0.9386902473407663 0.8473407663719082
0.8757400999615532 0.9360246059207997 0.8451364859669358
0.870562604126618 0.933358964500833 0.8429322055619634
0.8653851082916827 0.9306933230808663 0.8407279251569909
0.8602076124567474 0.9280276816608997 0.8385236447520185
0.8550301166218122 0.9253620402409329 0.836319364347046
0.8498526207868768 0.9226963988209663 0.8341150839420736
0.8446751249519415 0.9200307574009996 0.8319108035371011
0.8394976291170063 0.917365115981033 0.8297065231321287
0.834320133282071 0.9146994745610663 0.8275022427271562
0.8291426374471358 0.9120338331410995 0.8252979623221838
0.8239651416122005 0.9093681917211329 0.8230936819172113
0.8187876457772651 0.9067025503011662 0.8208894015122389
0.8136101499423298 0.9040369088811996 0.8186851211072664
0.8084326541073946 0.9013712674612329 0.816480840702294
0.8032551582724593 0.8987056260412661 0.8142765602973215
0.7980776624375241 0.8960399846212995 0.8120722798923491
0.7929001666025888 0.8933743432013328 0.8098679994873766
0.7877226707676536 0.8907087017813662 0.8076637190824043
0.7825451749327181 0.8880430603613995 0.8054594386774317
0.7773676790977829 0.8853774189414327 0.8032551582724593
0.7721901832628477 0.8827117775214661 0.8010508778674869
0.7670126874279124 0.8800461361014994 0.7988465974625144
0.7618351915929771 0.8773804946815328 0.796642317057542
0.7566576957580418 0.8747148532615661 0.7944380366525695
0.7514801999231066 0.8720492118415994 0.7922337562475971
0.7463027040881712 0.8693835704216327 0.7900294758426246
0.741125208253236 0.866717929001666 0.7878251954376522
0.7359477124183007 0.8640522875816994 0.7856209150326797
0.7307702165833654 0.8613866461617327 0.7834166346277073
0.7255927207484302 0.858721004741766 0.7812123542227349
0.7204152249134947 0.8560553633217993 0.7790080738177624
0.7152377290785595 0.8533897219018326 0.7768037934127899
0.7100602332436243 0.850724080481866 0.7745995130078176
0.704882737408689 0.8480584390618993 0.7723952326028451
0.6997052415737537 0.8453927976419326 0.7701909521978727
0.6945277457388184 0.8427271562219659 0.7679866717929001
0.6893502499038832 0.8400615148019992 0.7657823913879278
0.684172754068948 0.8373958733820326 0.7635781109829554
0.6789952582340126 0.8347302319620659 0.7613738305779829
0.6738177623990773 0.8320645905420991 0.7591695501730105
0.668640266564142 0.8293989491221325 0.756965269768038
0.6634627707292067 0.8267333077021659 0.7547609893630656
0.6582852748942716 0.8240676662821992 0.7525567089580931
0.6531077790593361 0.8214020248622325 0.7503524285531207
0.6479302832244009 0.8187363834422658 0.7481481481481482
0.6427527873894656 0.8160707420222991 0.7459438677431758
0.6375752915545303 0.8134051006023324 0.7437395873382033
0.632397795719595 0.8107394591823658 0.7415353069332309
0.6272202998846598 0.8080738177623991 0.7393310265282584
0.6220428040497245 0.8054081763424323 0.737126746123286
0.6168653082147892 0.8027425349224657 0.7349224657183135
0.6116878123798539 0.8000768935024991 0.7327181853133411
0.6065103165449186 0.7974112520825324 0.7305139049083686
0.6013328207099834 0.7947456106625657 0.7283096245033962
0.5961553248750482 0.792079969242599 0.7261053440984238
0.5909778290401128 0.7894143278226323 0.7239010636934512
0.5858003332051775 0.7867486864026656 0.7216967832884789
0.5806228373702422 0.784083044982699 0.7194925028835064
0.5754453415353071 0.7814174035627324 0.717288222478534
0.5702678457003717 0.7787517621427656 0.7150839420735615
0.5650903498654364 0.7760861207227989 0.7128796616685891
0.5599128540305012 0.7734204793028322 0.7106753812636166
0.5547353581955659 0.7707548378828656 0.7084711008586442
0.5495578623606305 0.7680891964628989 0.7062668204536717
0.5443803665256953 0.7654235550429322 0.7040625400486993
0.5392028706907599 0.7627579136229655 0.7018582596437268
0.5340253748558248 0.7600922722029989 0.6996539792387544
0.5288478790208895 0.7574266307830322 0.6974496988337819
0.5236703831859542 0.7547609893630656 0.6952454184288095
0.5184928873510188 0.7520953479430988 0.693041138023837
0.5133153915160835 0.7494297065231321 0.6908368576188646
0.5081378956811483 0.7467640651031655 0.6886325772138921
0.5029603998462131 0.7440984236831988 0.6864282968089197
0.4977829040112778 0.7414327822632321 0.6842240164039473
0.49260540817634246 0.7387671408432654 0.6820197359989748
0.48742791234140714 0.7361014994232987 0.6798154555940024
0.48225041650647194 0.733435858003332 0.6776111751890299
0.4770729206715366 0.7307702165833654 0.6754068947840575
0.4718954248366014 0.7281045751633988 0.673202614379085
0.466717929001666 0.7254389337434319 0.6709983339741126
0.46154043316673077 0.7227732923234653 0.6687940535691401
0.45636293733179545 0.7201076509034987 0.6665897731641677
0.45118544149686035 0.7174420094835321 0.6643854927591952
0.4460079456619249 0.7147763680635653 0.6621812123542228
0.4408304498269896 0.7121107266435986 0.6599769319492503
0.4356529539920544 0.7094450852236319 0.6577726515442779
0.4304754581571191 0.7067794438036652 0.6555683711393054
0.42529796232218386 0.7041138023836986 0.653364090734333
0.42012046648724855 0.701448160963732 0.6511598103293605
0.4149429706523132 0.6987825195437651 0.6489555299243881
0.409765474817378 0.6961168781237985 0.6467512495194156
0.4045879789824427 0.6934512367038319 0.6445469691144432
0.3994104831475074 0.6907855952838652 0.6423426887094708
0.39423298731257217 0.6881199538638985 0.6401384083044983
0.38905549147763685 0.6854543124439318 0.6379341278995259
0.38387799564270153 0.6827886710239651 0.6357298474945534
0.3787004998077663 0.6801230296039984 0.633525567089581
0.373523003972831 0.6774573881840318 0.6313212866846085
0.3683455081378958 0.6747917467640652 0.6291170062796361
0.36316801230296036 0.6721261053440983 0.6269127258746636
0.35799051646802516 0.6694604639241317 0.6247084454696912
0.35281302063308984 0.6667948225041651 0.6225041650647187
0.3476355247981546 0.6641291810841984 0.6202998846597463
0.3424580289632193 0.6614635396642317 0.6180956042547738
0.337280533128284 0.658797898244265 0.6158913238498014
0.3321030372933488 0.6561322568242984 0.6136870434448289
0.32692554145841346 0.6534666154043317 0.6114827630398565
0.32174804562347825 0.650800973984365 0.609278482634884
0.31657054978854304 0.6481353325643984 0.6070742022299116
0.3113930539536076 0.6454696911444316 0.6048699218249391
0.3062155581186723 0.6428040497244649 0.6026656414199667
0.3010380622837371 0.6401384083044983 0.6004613610149943
0.29586056644880177 0.6374727668845317 0.5982570806100218
0.29068307061386645 0.6348071254645649 0.5960528002050494
0.28550557477893124 0.6321414840445982 0.5938485198000769
0.2803280789439959 0.6294758426246316 0.5916442393951045
0.2751505831090607 0.6268102012046649 0.589439958990132
0.2699730872741254 0.6241445597846982 0.5872356785851596
0.26479559143919007 0.6214789183647316 0.5850313981801871
0.25961809560425475 0.6188132769447648 0.5828271177752147
0.25444059976931954 0.6161476355247981 0.5806228373702422
0.24926310393438422 0.6134819941048315 0.5784185569652698
0.2440856080994489 0.6108163526848648 0.5762142765602973
0.2389081122645137 0.6081507112648981 0.5740099961553249
0.2337306164295786 0.6054850698449316 0.5718057157503524
0.22855312059464317 0.6028194284249648 0.56960143534538
0.22337562475970785 0.6001537870049981 0.5673971549404075
0.21819812892477253 0.5974881455850314 0.5651928745354351
0.2130206330898372 0.5948225041650648 0.5629885941304626
0.207843137254902 0.592156862745098 0.5607843137254902
0.20580545943867745 0.5886582083813918 0.5571318723567859
0.2037677816224529 0.5851595540176855 0.5534794309880815
0.20173010380622838 0.5816608996539793 0.5498269896193771
0.19969242599000386 0.5781622452902729 0.5461745482506728
0.19765474817377932 0.5746635909265667 0.5425221068819684
0.1956170703575548 0.5711649365628605 0.5388696655132641
0.19357939254133028 0.5676662821991542 0.5352172241445597
0.19154171472510573 0.5641676278354479 0.5315647827758554
0.1895040369088812 0.5606689734717416 0.5279123414071512
0.1874663590926567 0.5571703191080354 0.5242599000384468
0.1854286812764322 0.5536716647443292 0.5206074586697426
0.18339100346020762 0.5501730103806228 0.5169550173010381
0.1813533256439831 0.5466743560169166 0.5133025759323337
0.17931564782775855 0.5431757016532103 0.5096501345636294
0.17727797001153403 0.539677047289504 0.505997693194925
0.1752402921953095 0.5361783929257977 0.5023452518262207
0.17320261437908496 0.5326797385620915 0.49869281045751634
0.17116493656286044 0.5291810841983853 0.495040369088812
0.16912725874663592 0.5256824298346789 0.49138792772010764
0.16708958093041137 0.5221837754709727 0.4877354863514033
0.16505190311418685 0.5186851211072665 0.48408304498269894
0.16301422529796233 0.5151864667435602 0.4804306036139946
0.1609765474817378 0.511687812379854 0.4767781622452903
0.15893886966551327 0.5081891580161476 0.47312572087658594
0.15690119184928875 0.5046905036524414 0.4694732795078816
0.15486351403306423 0.5011918492887351 0.46582083813917724
0.15282583621683973 0.49769319492502895 0.462168396770473
0.15078815840061516 0.49419454056132256 0.45851595540176854
0.14875048058439064 0.4906958861976163 0.45486351403306424
0.1467128027681661 0.48719723183391006 0.4512110726643599
0.14467512495194157 0.4836985774702038 0.44755863129565554
0.14263744713571702 0.4801999231064975 0.4439061899269512
0.1405997693194925 0.47670126874279123 0.44025374855824684
0.13856209150326798 0.47320261437908495 0.4366013071895425
0.13652441368704343 0.46970396001537873 0.43294886582083814
0.1344867358708189 0.4662053056516724 0.4292964244521338
0.1324490580545944 0.4627066512879662 0.42564398308342943
0.13041138023836985 0.4592079969242599 0.4219915417147251
0.12837370242214535 0.4557093425605536 0.4183391003460208
0.1263360246059208 0.4522106881968474 0.4146866589773164
0.12429834678969627 0.44871203383314107 0.41103421760861203
0.12226066897347175 0.44521337946943484 0.40738177623990773
0.12022299115724727 0.4417147251057287 0.4037293348712035
0.11818531334102268 0.4382160707420223 0.40007689350249903
0.11614763552479816 0.43471741637831607 0.39642445213379474
0.11410995770857363 0.43121876201460974 0.3927720107650904
0.11207227989234911 0.4277201076509035 0.38911956939638603
0.11003460207612457 0.42422145328719724 0.3854671280276817
0.10799692425990004 0.42072279892349096 0.38181468665897733
0.10595924644367552 0.41722414455978474 0.378162245290273
0.10392156862745099 0.4137254901960784 0.37450980392156863
0.10188389081122647 0.4102268358323722 0.3708573625528643
0.09984621299500192 0.40672818146866585 0.3672049211841599
0.0978085351787774 0.40322952710495963 0.3635524798154556
0.09577085736255288 0.3997308727412534 0.3599000384467512
0.09373317954632833 0.3962322183775471 0.3562475970780469
0.09169550173010381 0.39273356401384085 0.3525951557093425
0.08965782391387929 0.3892349096501346 0.3489427143406382
0.08762014609765481 0.3857362552864284 0.345290272971934
0.08558246828143022 0.382237600922722 0.3416378316032295
0.0835447904652057 0.37873894655901574 0.33798539023452523
0.08150711264898117 0.3752402921953095 0.3343329488658209
0.07946943483275662 0.3717416378316032 0.33068050749711647
0.0774317570165321 0.36824298346789697 0.3270280661284122
0.07539407920030758 0.36474432910419075 0.3233756247597078
0.07335640138408303 0.3612456747404844 0.3197231833910035
0.07131872356785851 0.3577470203767782 0.3160707420222991
0.06928104575163399 0.3542483660130719 0.31241830065359477
0.06724336793540944 0.35074971164936564 0.3087658592848904
0.06520569011918492 0.34725105728565936 0.30511341791618607
0.0631680123029604 0.3437524029219531 0.3014609765474818
0.061130334486735854 0.3402537485582468 0.29780853517877737
0.059092656670511334 0.3367550941945406 0.29415609381007307
0.057054978854286814 0.3332564398308343 0.2905036524413687
0.05501730103806235 0.32975778546712814 0.2868512110726645
0.052979623221837746 0.32625913110342175 0.28319876970396
0.050941945405613226 0.3227604767397155 0.27954632833525567
0.048904267589388706 0.31926182237600925 0.27589388696655137
0.04686658977316416 0.315763168012303 0.27224144559784696
0.04482891195693964 0.3122645136485967 0.2685890042291426
0.04279123414071512 0.3087658592848904 0.2649365628604383
0.04075355632449057 0.30526720492118414 0.2612841214917339
0.03871587850826605 0.30176855055747787 0.2576316801230296
0.03667820069204153 0.29826989619377164 0.25397923875432526
0.03464052287581698 0.29477124183006537 0.2503267973856209
0.03260284505959246 0.2912725874663591 0.24667435601691656
0.03056516724336794 0.2877739331026528 0.2430219146482122
0.028527489427143393 0.28427527873894654 0.23936947327950786
0.026489811610918873 0.2807766243752403 0.2357170319108035
0.024452133794694353 0.27727797001153404 0.23206459054209921
0.022414455978469888 0.27377931564782787 0.22841214917339497
0.020376778162245285 0.2702806612841215 0.2247597078046905
0.018339100346020765 0.2667820069204152 0.22110726643598616
0.016301422529796245 0.263283352556709 0.2174548250672818
0.014263744713571697 0.2597846981930027 0.21380238369857746
0.012226066897347176 0.25628604382929643 0.2101499423298731
0.010188389081122656 0.25278738946559015 0.2064975009611688
0.008150711264898108 0.24928873510188387 0.2028450595924644
0.006113033448673588 0.2457900807381776 0.1991926182237601
0.004075355632449068 0.24229142637447137 0.19554017685505576
0.00203767781622452 0.2387927720107651 0.1918877354863514
0.0 0.23529411764705882 0.18823529411764706
