0.0 0.26666666666666666 0.2235294117647059
0.006920415224913495 0.2748173779315648 0.22660515186466745
0.01384083044982699 0.2829680891964629 0.22968089196462899
0.020761245674740487 0.291118800461361 0.23275663206459055
0.02768166089965398 0.29926951172625915 0.2358323721645521
0.03460207612456748 0.30742022299115723 0.23890811226451367
0.041522491349480974 0.31557093425605537 0.2419838523644752
0.04844290657439447 0.3237216455209535 0.24505959246443676
0.05536332179930796 0.3318723567858516 0.24813533256439832
0.062283737024221464 0.3400230680507497 0.2512110726643599
0.06920415224913495 0.34817377931564786 0.2542868127643214
0.07612456747404846 0.35632449058054594 0.257362552864283
0.08304498269896195 0.3644752018454441 0.26043829296424453
0.08996539792387544 0.37262591311034216 0.26351403306420607
0.09688581314878894 0.3807766243752403 0.26658977316416765
0.10380622837370243 0.3889273356401384 0.2696655132641292
0.11072664359861592 0.39707804690503656 0.2727412533640907
0.11764705882352941 0.40522875816993464 0.2758169934640523
0.12456747404844293 0.4133794694348328 0.27889273356401384
0.13148788927335642 0.4215301806997309 0.28196847366397537
0.1384083044982699 0.429680891964629 0.28504421376393696
0.1453287197231834 0.4378316032295271 0.2881199538638985
0.15224913494809691 0.44598231449442527 0.29119569396386
0.1591695501730104 0.45413302575932335 0.2942714340638216
0.1660899653979239 0.46228373702422143 0.29734717416378315
0.17301038062283738 0.47043444828911957 0.3004229142637447
0.17993079584775087 0.4785851595540177 0.30349865436370627
0.18685121107266436 0.4867358708189158 0.3065743944636678
0.19377162629757788 0.494886582083814 0.3096501345636294
0.20069204152249134 0.5030372933487121 0.3127258746635909
0.20761245674740486 0.5111880046136101 0.3158016147635525
0.21453287197231832 0.5193387158785083 0.318877354863514
0.22145328719723184 0.5274894271434064 0.3219530949634756
0.22837370242214527 0.5356401384083045 0.3250288350634371
0.23529411764705882 0.5437908496732027 0.3281045751633987
0.24221453287197234 0.5519415609381008 0.3311803152633602
0.24913494809688586 0.5600922722029988 0.3342560553633218
0.2560553633217993 0.5682429834678969 0.3373317954632833
0.26297577854671284 0.5763936947327951 0.3404075355632449
0.26989619377162627 0.5845444059976932 0.34348327566320647
0.2768166089965398 0.5926951172625914 0.346559015763168
0.28373702422145325 0.6008458285274894 0.34963475586312953
0.2906574394463668 0.6089965397923875 0.3527104959630911
0.2975778546712803 0.6171472510572857 0.35578623606305265
0.30449826989619383 0.6252979623221838 0.3588619761630142
0.31141868512110726 0.6334486735870819 0.3619377162629758
0.3183391003460208 0.6415993848519801 0.3650134563629373
0.32525951557093424 0.6497500961168781 0.36808919646289884
0.3321799307958478 0.6579008073817763 0.3711649365628604
0.3391003460207612 0.6660515186466742 0.3742406766628219
0.34602076124567477 0.6742022299115724 0.3773164167627835
0.35294117647058826 0.6823529411764706 0.3803921568627451
0.3610918877354864 0.6861976163014225 0.38818403178264765
0.3692425990003844 0.6900422914263744 0.39597590670255023
0.3773933102652826 0.6938869665513264 0.40376778162245286
0.38554402153018075 0.6977316416762783 0.4115596565423555
0.39369473279507883 0.7015763168012303 0.41935153146225806
0.4018454440599769 0.7054209919261822 0.42714340638216064
0.40999615532487504 0.7092656670511341 0.43493528130206327
0.4181468665897732 0.7131103421760862 0.4427271562219659
0.4262975778546713 0.7169550173010381 0.4505190311418685
0.43444828911956934 0.72079969242599 0.45831090606177105
0.44259900038446753 0.724644367550942 0.4661027809816737
0.45074971164936567 0.7284890426758939 0.4738946559015763
0.4589004229142638 0.7323337178008459 0.4816865308214789
0.4670511341791619 0.7361783929257978 0.48947840574138146
0.47520184544405986 0.7400230680507497 0.497270280661284
0.48335255670895816 0.7438677431757017 0.5050621555811867
0.49150326797385624 0.7477124183006536 0.5128540305010894
0.4996539792387543 0.7515570934256055 0.5206459054209919
0.5078046905036524 0.7554017685505575 0.5284377803408945
0.5159554017685506 0.7592464436755094 0.5362296552607971
0.5241061130334487 0.7630911188004614 0.5440215301806998
0.5322568242983468 0.7669357939254133 0.5518134051006023
0.5404075355632448 0.7707804690503652 0.5596052800205048
0.548558246828143 0.7746251441753171 0.5673971549404075
0.5567089580930411 0.7784698193002692 0.5751890298603102
0.5648596693579393 0.782314494425221 0.5829809047802127
0.5730103806228374 0.7861591695501731 0.5907727797001153
0.5811610918877355 0.790003844675125 0.5985646546200178
0.5893118031526337 0.7938485198000769 0.6063565295399205
0.5974625144175317 0.7976931949250289 0.6141484044598231
0.6056132256824298 0.8015378700499807 0.6219402793797256
0.613763936947328 0.8053825451749327 0.6297321542996284
0.6219146482122261 0.8092272202998847 0.637524029219531
0.6300653594771242 0.8130718954248366 0.6453159041394335
0.6382160707420224 0.8169165705497885 0.6531077790593361
0.6463667820069204 0.8207612456747405 0.6608996539792387
0.6545174932718185 0.8246059207996924 0.6686915288991413
0.6626682045367167 0.8284505959246444 0.6764834038190439
0.6708189158016147 0.8322952710495963 0.6842752787389464
0.6789696270665129 0.8361399461745482 0.6920671536588492
0.6871203383314111 0.8399846212995001 0.6998590285787517
0.6952710495963091 0.8438292964244521 0.7076509034986544
0.7034217608612072 0.847673971549404 0.715442778418557
0.7115724721261054 0.8515186466743561 0.7232346533384595
0.7197231833910035 0.855363321799308 0.7310265282583621
0.7278738946559016 0.8592079969242599 0.7388184031782647
0.7360246059207995 0.8630526720492118 0.7466102780981672
0.7441753171856978 0.8668973471741638 0.75440215301807
0.7523260284505959 0.8707420222991157 0.7621940279379725
0.7604767397154941 0.8745866974240677 0.7699859028578752
0.7686274509803921 0.8784313725490196 0.7777777777777777
0.7767781622452903 0.8822760476739715 0.7855696526976803
0.7849288735101885 0.8861207227989235 0.7933615276175829
0.7930795847750866 0.8899653979238754 0.8011534025374856
0.8012302960399845 0.8938100730488273 0.808945277457388
0.8093810073048827 0.8976547481737793 0.8167371523772907
0.8175317185697809 0.9014994232987312 0.8245290272971934
0.825682429834679 0.9053440984236831 0.8323209022170959
0.8338331410995772 0.9091887735486351 0.8401127771369986
0.8419838523644751 0.913033448673587 0.8479046520569011
0.8501345636293733 0.9168781237985391 0.8556965269768038
0.8582852748942715 0.920722798923491 0.8634884018967064
0.8664359861591695 0.9245674740484429 0.8712802768166088
0.8745866974240677 0.9284121491733949 0.8790721517365117
0.8827374086889659 0.9322568242983468 0.8868640266564142
0.8908881199538639 0.9361014994232988 0.8946559015763168
0.899038831218762 0.9399461745482507 0.9024477764962193
0.9071895424836602 0.9437908496732026 0.910239651416122
0.9153402537485582 0.9476355247981545 0.9180315263360246
0.9234909650134564 0.9514801999231064 0.9258234012559272
0.9316416762783544 0.9553248750480583 0.9336152761758296
0.9397923875432526 0.9591695501730104 0.9414071510957324
0.9479430988081508 0.9630142252979623 0.949199026015635
0.9560938100730489 0.9668589004229142 0.9569909009355376
0.9642445213379469 0.9707035755478661 0.9647827758554401
0.9723952326028451 0.9745482506728181 0.9725746507753428
0.9740099961553248 0.972959118287838 0.9744713571703191
0.9690888119953863 0.9659361783929258 0.970472895040369
0.9641676278354478 0.9589132384980136 0.966474432910419
0.9592464436755094 0.9518902986031014 0.962475970780469
0.954325259515571 0.9448673587081893 0.9584775086505191
0.9494040753556324 0.937844418813277 0.954479046520569
0.944482891195694 0.9308214789183648 0.950480584390619
0.9395617070357555 0.9237985390234524 0.946482122260669
0.934640522875817 0.9167755991285402 0.9424836601307189
0.9297193387158785 0.909752659233628 0.9384851980007689
0.9247981545559399 0.9027297193387158 0.9344867358708189
0.9198769703960015 0.8957067794438036 0.9304882737408688
0.914955786236063 0.8886838395488914 0.9264898116109188
0.9100346020761245 0.8816608996539792 0.9224913494809688
0.905113417916186 0.874637959759067 0.9184928873510189
0.9001922337562476 0.8676150198641548 0.9144944252210688
0.8952710495963091 0.8605920799692426 0.9104959630911188
0.8903498654363706 0.8535691400743304 0.9064975009611688
0.8854286812764322 0.8465462001794182 0.9024990388312187
0.8805074971164937 0.839523260284506 0.8985005767012687
0.8755863129565553 0.832500320389594 0.8945021145713188
0.8706651287966166 0.8254773804946816 0.8905036524413686
0.8657439446366781 0.8184544405997694 0.8865051903114186
0.8608227604767397 0.811431500704857 0.8825067281814686
0.8559015763168012 0.8044085608099449 0.8785082660515187
0.8509803921568627 0.7973856209150327 0.8745098039215686
0.8460592079969242 0.7903626810201204 0.8705113417916186
0.8411380238369858 0.7833397411252082 0.8665128796616686
0.8362168396770473 0.776316801230296 0.8625144175317185
0.8312956555171087 0.7692938613353838 0.8585159554017685
0.8263744713571703 0.7622709214404716 0.8545174932718185
0.8214532871972318 0.7552479815455594 0.8505190311418684
0.8165321030372933 0.7482250416506472 0.8465205690119184
0.8116109188773548 0.741202101755735 0.8425221068819684
0.8066897347174163 0.7341791618608228 0.8385236447520183
0.8017685505574779 0.7271562219659105 0.8345251826220684
0.7968473663975395 0.7201332820709985 0.8305267204921185
0.7919261822376009 0.713110342176086 0.8265282583621684
0.7870049980776624 0.7060874022811738 0.8225297962322183
0.782083813917724 0.6990644623862616 0.8185313341022683
0.7771626297577854 0.6920415224913494 0.8145328719723183
0.772241445597847 0.6850185825964372 0.8105344098423684
0.7673202614379084 0.677995642701525 0.8065359477124183
0.76239907727797 0.6709727028066128 0.8025374855824683
0.7574778931180315 0.6639497629117006 0.7985390234525183
0.752556708958093 0.6569268230167884 0.7945405613225682
0.7476355247981545 0.6499038831218762 0.7905420991926182
0.7427143406382161 0.642880943226964 0.7865436370626682
0.7377931564782776 0.6358580033320518 0.7825451749327181
0.732871972318339 0.6288350634371396 0.7785467128027681
0.7279507881584006 0.6218121235422274 0.7745482506728181
0.7230296039984621 0.6147891836473152 0.770549788542868
0.7181084198385237 0.6077662437524031 0.7665513264129182
0.7131872356785851 0.6007433038574908 0.7625528642829681
0.7082660515186466 0.5937203639625785 0.7585544021530181
0.7033448673587082 0.5866974240676663 0.754555940023068
0.6984236831987697 0.579674484172754 0.750557477893118
0.6935024990388312 0.5726515442778419 0.746559015763168
0.6885813148788927 0.5656286043829297 0.7425605536332179
0.6836601307189543 0.5586056644880174 0.7385620915032679
0.6787389465590157 0.5515827245931052 0.734563629373318
0.6738177623990773 0.544559784698193 0.7305651672433678
0.6688965782391387 0.5375368448032808 0.7265667051134179
0.6639753940792003 0.5305139049083685 0.7225682429834679
0.6590542099192618 0.5234909650134564 0.7185697808535179
0.6541330257593233 0.5164680251185442 0.7145713187235678
0.6492118415993848 0.5094450852236319 0.7105728565936178
0.6442906574394464 0.5024221453287196 0.7065743944636678
0.639369473279508 0.4953992054338077 0.702575932333718
0.6344482891195693 0.4883762655388953 0.6985774702037677
0.6295271049596309 0.4813533256439831 0.6945790080738177
0.6246059207996923 0.4743303857490708 0.6905805459438676
0.619684736639754 0.4673074458541586 0.6865820838139176
0.6147635524798154 0.4602845059592464 0.6825836216839676
0.609842368319877 0.4532615660643342 0.6785851595540177
0.6049211841599385 0.446238626169422 0.6745866974240676
0.6 0.4392156862745098 0.6705882352941176
0.5931564782775856 0.43060361399461744 0.6632064590542098
0.586312956555171 0.4219915417147251 0.6558246828143022
0.5794694348327566 0.4133794694348327 0.6484429065743944
0.5726259131103422 0.4047673971549404 0.6410611303344866
0.5657823913879277 0.39615532487504806 0.633679354094579
0.5589388696655132 0.3875432525951557 0.6262975778546712
0.5520953479430988 0.37893118031526335 0.6189158016147636
0.5452518262206846 0.37031910803537127 0.611534025374856
0.5384083044982699 0.36170703575547863 0.604152249134948
0.5315647827758554 0.35309496347558633 0.5967704728950404
0.524721261053441 0.344482891195694 0.5893886966551326
0.5178777393310265 0.3358708189158016 0.5820069204152248
0.511034217608612 0.32725874663590926 0.5746251441753172
0.5041906958861976 0.3186466743560169 0.5672433679354094
0.49734717416378316 0.31003460207612454 0.5598615916955016
0.4905036524413687 0.3014225297962322 0.552479815455594
0.48366013071895425 0.2928104575163399 0.5450980392156862
0.47681660899653977 0.28419838523644747 0.5377162629757786
0.46997308727412535 0.27558631295655517 0.5303344867358708
0.46312956555171086 0.2669742406766628 0.522952710495963
0.4562860438292964 0.2583621683967705 0.5155709342560554
0.44944252210688196 0.24975009611687812 0.5081891580161476
0.44259900038446753 0.24113802383698577 0.5008073817762398
0.4357554786620532 0.23252595155709366 0.49342560553633236
0.4289119569396386 0.22391387927720108 0.4860438292964244
0.42206843521722415 0.21530180699730875 0.4786620530565167
0.41522491349480967 0.20668973471741636 0.471280276816609
0.4083813917723952 0.198077662437524 0.46389850057670123
0.40153787004998076 0.18946559015763167 0.4565167243367935
0.39469434832756634 0.18085351787773934 0.4491349480968858
0.3878508266051519 0.172241445597847 0.4417531718569781
0.3810073048827374 0.16362937331795463 0.4343713956170704
0.37416378316032295 0.15501730103806227 0.4269896193771626
0.3673202614379085 0.14640522875816997 0.4196078431372549
0.36047673971549404 0.13779315647827756 0.41222606689734714
0.35363321799307956 0.1291810841983852 0.40484429065743943
0.34678969627066514 0.1205690119184929 0.3974625144175317
0.33994617454825066 0.11195693963860054 0.39008073817762395
0.33310265282583623 0.10334486735870824 0.3826989619377163
0.326259131103422 0.0947327950788161 0.37531718569780875
0.31941560938100727 0.08612072279892347 0.3679354094579008
0.31257208765859285 0.07750865051903116 0.3605536332179931
0.30572856593617836 0.0688965782391388 0.35317185697808534
0.29888504421376394 0.06028450595924645 0.34579008073817763
0.29204152249134946 0.05167243367935409 0.3384083044982699
0.28519800076893503 0.04306036139946173 0.33102652825836215
0.2783544790465206 0.03444828911956943 0.32364475201845444
0.27151095732410613 0.025836216839677073 0.31626297577854673
0.26466743560169165 0.01722414455978466 0.30888119953863896
0.2578239138792772 0.008612072279892358 0.3014994232987313
0.25098039215686274 0.0 0.29411764705882354
