0.03137254901960784 0.11372549019607843 0.34509803921568627
0.038522257653542 0.11939594876781931 0.35989053983761904
0.04567196628747616 0.1250664073395602 0.37468304045955175
0.05282167492141032 0.1307368659113011 0.3894755410814845
0.059971383555344475 0.13640732448304196 0.4042680417034173
0.06712109218927864 0.14207778305478286 0.41906054232535
0.0742708008232128 0.14774824162652375 0.4338530429472828
0.08142050945714696 0.15341870019826462 0.44864554356921543
0.08857021809108111 0.1590891587700055 0.4634380441911482
0.09571992672501528 0.1647596173417464 0.47823054481308097
0.10286963535894944 0.17043007591348727 0.4930230454350137
0.1100193439928836 0.17610053448522817 0.5078155460569466
0.11716905262681776 0.18177099305696903 0.5226080466788792
0.1243187612607519 0.18744145162870993 0.5374005473008119
0.13146846989468608 0.1931119102004508 0.5521930479227447
0.13861817852862024 0.1987823687721917 0.5669855485446774
0.14502874460049303 0.20489169324015652 0.5808541209640334
0.14428911956939638 0.21524644367550944 0.5857849545046777
0.14354949453829977 0.22560119411086235 0.590715788045322
0.14280986950720312 0.23595594454621527 0.5956466215859662
0.14207024447610647 0.2463106949815682 0.6005774551266104
0.14133061944500985 0.25666544541692116 0.6055082886672547
0.1405909944139132 0.26702019585227404 0.6104391222078989
0.13985136938281656 0.277374946287627 0.6153699557485433
0.1391117443517199 0.2877296967229799 0.6203007892891875
0.1383721193206233 0.2980844471583328 0.6252316228298317
0.13763249428952665 0.3084391975936857 0.630162456370476
0.13689286925843 0.3187939480290386 0.6350932899111202
0.13615324422733338 0.32914869846439154 0.6400241234517644
0.13541361919623673 0.33950344889974443 0.6449549569924087
0.1346739941651401 0.3498581993350974 0.6498857905330528
0.13393436913404347 0.3602129497704503 0.6548166240736971
0.13310235128268916 0.3709834678969628 0.6599322432548567
0.13186964289752812 0.38355709342560546 0.6658492435036297
0.13063693451236705 0.39613071895424845 0.6717662437524029
0.12940422612720598 0.4087043444828913 0.6776832440011761
0.12817151774204488 0.4212779700115341 0.6836002442499491
0.12693880935688387 0.43385159554017677 0.6895172444987221
0.12570610097172277 0.44642522106881977 0.6954342447474954
0.12447339258656172 0.4589988465974626 0.7013512449962683
0.12324068420140066 0.4715724721261054 0.7072682452450415
0.12200797581623962 0.4841460976547481 0.7131852454938146
0.12077526743107854 0.496719723183391 0.7191022457425876
0.11954255904591748 0.5092933487120338 0.7250192459913608
0.1183098506607564 0.5218669742406767 0.7309362462401339
0.11707714227559538 0.5344405997693193 0.7368532464889069
0.11584443389043429 0.5470142252979624 0.7427702467376801
0.11461172550527324 0.5595878508266051 0.7486872469864532
0.11622009634303553 0.5711913517425425 0.7532183549313612
0.12509559671619505 0.5803133937927342 0.75420452163949
0.1339710970893548 0.5894354358429262 0.755190688347619
0.14284659746251446 0.5985574778931181 0.7561768550557478
0.1517220978356741 0.6076795199433099 0.7571630217638766
0.16059759820883363 0.6168015619935017 0.7581491884720054
0.16947309858199341 0.6259236040436936 0.7591353551801344
0.17834859895515304 0.6350456460938855 0.7601215218882632
0.18722409932831266 0.6441676881440773 0.761107688596392
0.19609959970147217 0.6532897301942692 0.7620938553045209
0.20497510007463196 0.662411772244461 0.7630800220126498
0.21385060044779158 0.6715338142946529 0.7640661887207786
0.22272610082095123 0.6806558563448447 0.7650523554289075
0.23160160119411077 0.6897778983950366 0.7660385221370363
0.2404771015672705 0.6988999404452284 0.7670246888451652
0.24935260194043016 0.7080219824954204 0.7680108555532941
0.26063031564028927 0.7158505250620049 0.7677959155980731
0.2759158996162865 0.7215209836337458 0.7655770405047833
0.2912014835922833 0.7271914422054865 0.7633581654114934
0.3064870675682808 0.7328619007772276 0.7611392903182034
0.321772651544278 0.7385323593489684 0.7589204152249135
0.33705823552027514 0.7442028179207093 0.7567015401316236
0.3523438194962723 0.7498732764924502 0.7544826650383337
0.3676294034722695 0.755543735064191 0.7522637899450437
0.38291498744826663 0.7612141936359319 0.7500449148517537
0.39820057142426385 0.7668846522076729 0.747826039758464
0.4134861554002606 0.7725551107794136 0.7456071646651741
0.4287717393762582 0.7782255693511546 0.7433882895718841
0.44405732335225534 0.7838960279228955 0.7411694144785941
0.4593429073282525 0.7895664864946365 0.7389505393853042
0.47462849130424967 0.7952369450663773 0.7367316642920143
0.48991407528024683 0.8009074036381181 0.7345127891987244
0.5063545695094649 0.8071553173364694 0.7325248961560786
0.5241055702557841 0.8140584842933715 0.7307991044168531
0.541856571002103 0.8209616512502732 0.7290733126776278
0.5596075717484227 0.8278648182071753 0.7273475209384023
0.577358572494742 0.8347679851640772 0.7256217291991767
0.5951095732410613 0.8416711521209792 0.7238959374599513
0.6128605739873806 0.8485743190778811 0.7221701457207258
0.6306115747336999 0.8554774860347831 0.7204443539815003
0.6483625754800192 0.862380652991685 0.7187185622422748
0.6661135762263385 0.8692838199485869 0.7169927705030494
0.6838645769726573 0.8761869869054888 0.715266978763824
0.7016155777189771 0.8830901538623909 0.7135411870245983
0.7193665784652964 0.8899933208192928 0.711815395285373
0.7371175792116157 0.8968964877761947 0.7100896035461474
0.7548685799579349 0.9037996547330966 0.708363811806922
0.7726195807042541 0.9107028216899986 0.7066380200676965
0.7856585476174324 0.915804328651876 0.7054665852500169
0.7950271313446564 0.9195024538073592 0.7047269602189203
0.8043957150718802 0.9232005789628422 0.7039873351878237
0.8137642987991045 0.9268987041183255 0.703247710156727
0.8231328825263285 0.9305968292738087 0.7025080851256305
0.8325014662535526 0.9342949544292919 0.7017684600945338
0.8418700499807766 0.9379930795847751 0.7010288350634372
0.8512386337080008 0.9416912047402584 0.7002892100323405
0.860607217435225 0.9453893298957414 0.6995495850012439
0.869975801162449 0.9490874550512246 0.6988099599701473
0.8793443848896728 0.9527855802067078 0.6980703349390506
0.8887129686168971 0.956483705362191 0.697330709907954
0.8980815523441211 0.9601818305176743 0.6965910848768573
0.9074501360713452 0.9638799556731574 0.6958514598457607
0.9168187197985692 0.9675780808286406 0.695111834814664
0.9261873035257934 0.9712762059841238 0.6943722097835674
0.9323221385439989 0.9736808316559996 0.7005851444768604
0.9367598887305788 0.9754066233952251 0.7104468115581488
0.9411976389171585 0.9771324151344505 0.7203084786394371
0.9456353891037385 0.978858206873676 0.7301701457207259
0.9500731392903182 0.9805839986129015 0.7400318128020144
0.9545108894768981 0.9823097903521271 0.7498934798833029
0.9589486396634779 0.9840355820913524 0.7597551469645913
0.9633863898500578 0.985761373830578 0.7696168140458799
0.9678241400366375 0.9874871655698034 0.7794784811271683
0.9722618902232174 0.9892129573090289 0.7893401482084569
0.9766996404097971 0.9909387490482544 0.7992018152897451
0.9811373905963771 0.9926645407874799 0.8090634823710338
0.9855751407829568 0.9943903325267055 0.8189251494523223
0.9900128909695367 0.9961161242659309 0.8287868165336107
0.9944506411561165 0.9978419160051564 0.8386484836148993
0.9988883913426964 0.9995677077443819 0.8485101506961877
1.0 0.9988883913426961 0.7972827343932574
1.0 0.9944506411561164 0.78643490060384
1.0 0.9900128909695365 0.7755870668144226
1.0 0.9855751407829567 0.7647392330250053
1.0 0.981137390596377 0.7538913992355881
1.0 0.9766996404097971 0.7430435654461707
1.0 0.9722618902232172 0.7321957316567531
1.0 0.9678241400366374 0.721347897867336
1.0 0.9633863898500575 0.7105000640779184
1.0 0.9589486396634778 0.6996522302885013
1.0 0.9545108894768979 0.6888043964990838
1.0 0.9500731392903181 0.6779565627096666
1.0 0.9456353891037382 0.6671087289202491
1.0 0.9411976389171585 0.6562608951308319
1.0 0.9367598887305786 0.6454130613414144
1.0 0.9323221385439989 0.6345652275519972
0.9999151457584187 0.9277146798742565 0.6238871022457423
0.9996686040813865 0.9227838463336122 0.6135323518103896
0.9994220624043543 0.9178530127929679 0.6031776013750365
0.9991755207273221 0.9129221792523238 0.5928228509396837
0.9989289790502899 0.9079913457116795 0.582468100504331
0.9986824373732577 0.9030605121710352 0.5721133500689779
0.9984358956962255 0.898129678630391 0.5617585996336248
0.9981893540191933 0.8931988450897467 0.551403849198272
0.997942812342161 0.8882680115491024 0.541049098762919
0.9976962706651288 0.8833371780084582 0.5306943483275662
0.9974497289880966 0.8784063444678138 0.5203395978922132
0.9972031873110644 0.8734755109271697 0.5099848474568603
0.9969566456340322 0.8685446773865254 0.4996300970215073
0.996710103957 0.8636138438458812 0.48927534658615457
0.9964635622799678 0.858683010305237 0.47892059615080146
0.9962170206029356 0.8537521767645928 0.46856584571544874
0.996078431372549 0.8467702467376798 0.4582110952800956
0.996078431372549 0.8371551213334237 0.4478563448447429
0.996078431372549 0.8275399959291673 0.4375015944093898
0.996078431372549 0.8179248705249111 0.42714684397403707
0.996078431372549 0.8083097451206549 0.41679209353868424
0.996078431372549 0.7986946197163985 0.40643734310333124
0.996078431372549 0.7890794943121421 0.3960825926679781
0.996078431372549 0.779464368907886 0.38572784223262535
0.996078431372549 0.7698492435036295 0.37537309179727224
0.996078431372549 0.7602341180993735 0.3650183413619196
0.996078431372549 0.750618992695117 0.3546635909265664
0.996078431372549 0.7410038672908609 0.3443088404912137
0.996078431372549 0.7313887418866043 0.33395409005586063
0.996078431372549 0.7217736164823483 0.3235993396205079
0.996078431372549 0.7121584910780918 0.31324458918515474
0.996078431372549 0.7025433656738357 0.302889838749802
0.9959473807208389 0.6931903415729995 0.29594240525891236
0.9957008390438067 0.6840682995228079 0.29199773842639704
0.9954542973667745 0.6749462574726158 0.28805307159388155
0.9952077556897423 0.6658242154224241 0.28410840476136623
0.9949612140127101 0.6567021733722324 0.2801637379288509
0.9947146723356778 0.6475801313220404 0.2762190710963355
0.9944681306586456 0.6384580892718483 0.27227440426382
0.9942215889816134 0.6293360472216567 0.26832973743130467
0.9939750473045812 0.6202140051714647 0.2643850705987892
0.993728505627549 0.6110919631212731 0.26044040376627386
0.9934819639505168 0.601969921071081 0.2564957369337584
0.9932354222734846 0.5928478790208894 0.25255107010124306
0.9929888805964523 0.5837258369706974 0.24860640326872763
0.9927423389194201 0.5746037949205057 0.2446617364362123
0.9924957972423879 0.5654817528703137 0.2407170696036968
0.9922492555653557 0.5563597108201219 0.2367724027711815
0.9920027138883235 0.5432297984937915 0.2325194382251169
0.9917561722112913 0.5276976728407625 0.22808168803853718
0.9915096305342591 0.5121655471877329 0.22364393785195727
0.9912630888572269 0.4966334215347038 0.21920618766537753
0.9910165471801947 0.4811012958816745 0.21476843747879773
0.9907700055031625 0.465569170228645 0.21033068729221788
0.9905234638261303 0.4500370445756153 0.20589293710563797
0.9902769221490981 0.43450491892258625 0.20145518691905825
0.9900303804720658 0.4189727932695565 0.19701743673247832
0.9897838387950336 0.40344066761652747 0.1925796865458986
0.9895372971180014 0.38790854196349783 0.18814193635931872
0.9892907554409691 0.37237641631046875 0.18370418617273898
0.9890442137639369 0.35684429065743906 0.17926643598615905
0.9887976720869047 0.34131216500441 0.17482868579957933
0.9885511304098725 0.3257800393513803 0.1703909356129994
0.9883045887328403 0.3102479136983512 0.16595318542641968
0.9838041175716729 0.29666550572555017 0.16222442348719562
0.9776405756458677 0.2838453385198754 0.15877284000874473
0.9714770337200622 0.2710251713142001 0.1553212565302937
0.9653134917942571 0.2582050041085253 0.1518696730518428
0.9591499498684518 0.24538483690285035 0.14841808957339184
0.9529864079426464 0.23256466969717526 0.14496650609494083
0.9468228660168411 0.2197445024914999 0.1415149226164898
0.9406593240910358 0.20692433528582516 0.1380633391380389
0.9344957821652304 0.1941041680801498 0.13461175565958783
0.9283322402394252 0.18128400087447508 0.13116017218113696
0.9221686983136198 0.16846383366879975 0.12770858870268592
0.9160051563878145 0.155643666463125 0.124257005224235
0.9098416144620092 0.14282349925744964 0.12080542174578394
0.9036780725362039 0.1300033320517749 0.11735383826733306
0.8975145306103984 0.11718316484609956 0.11390225478888201
0.8913509886845934 0.10436299764042481 0.11045067131043111
0.8825829582890439 0.09675180737423748 0.11180737423766131
0.87321437456182 0.09034172377140012 0.11427279100798336
0.8638457908345958 0.08393164016856244 0.11673820777830554
0.8544772071073719 0.07752155656572508 0.11920362454862761
0.8451086233801479 0.07111147296288757 0.12166904131894973
0.8357400396529238 0.06470138936005003 0.12413445808927186
0.8263714559256995 0.05829130575721235 0.12659987485959404
0.8170028721984757 0.051881222154375 0.1290652916299161
0.8076342884712514 0.04547113855153731 0.1315307084002383
0.7982657047440276 0.03906105494869995 0.13399612517056037
0.7888971210168032 0.03265097134586228 0.13646154194088253
0.7795285372895794 0.02624088774302491 0.13892695871120458
0.7701599535623551 0.019830804140187227 0.14139237548152678
0.7607913698351313 0.013420720537349867 0.14385779225184883
0.751422786107907 0.0070106369345121836 0.14632320902217102
0.7420542023806831 0.000600553331674838 0.14878862579249308
0.7275464187981995 0.0 0.14901960784313725
0.7125073764992348 0.0 0.14901960784313725
0.6974683342002695 0.0 0.14901960784313725
0.6824292919013049 0.0 0.14901960784313725
0.66739024960234 0.0 0.14901960784313725
0.652351207303375 0.0 0.14901960784313725
0.6373121650044096 0.0 0.14901960784313725
0.6222731227054451 0.0 0.14901960784313725
0.6072340804064797 0.0 0.14901960784313725
0.5921950381075152 0.0 0.14901960784313725
0.5771559958085498 0.0 0.14901960784313725
0.5621169535095853 0.0 0.14901960784313725
0.5470779112106199 0.0 0.14901960784313725
0.5320388689116554 0.0 0.14901960784313725
0.51699982661269 0.0 0.14901960784313725
0.5019607843137255 0.0 0.14901960784313725
