0.9022021640633742 0.9441797977915001 0.9438027309131503
0.8954445384876382 0.9409578903665055 0.9410648759794843
0.8886855788874896 0.937740382063468 0.9384098650760987
0.8819275100483496 0.9345262546442011 0.935837281404758
0.8751724774625698 0.931314552161322 0.9333465385891809
0.8684225465562396 0.9281043788756372 0.9309368983040341
0.8616797015669134 0.9248948973050556 0.9286074874996731
0.8549458444869071 0.921685326259987 0.9263573151615366
0.8482227943572994 0.9184749387758169 0.9241852885114791
0.8415122870990739 0.9152630598938195 0.9220902285443439
0.8348159759916424 0.9120490642716417 0.9200708847923535
0.8281354328507814 0.9088323736256948 0.918125949218801
0.8214721499137223 0.9056124540224106 0.9162540691578
0.8148275424063925 0.9023888130447766 0.9144538592359539
0.8082029517444305 0.8991609968660188 0.912723912232588
0.8015996493038703 0.8959285872646755 0.9110628088561002
0.7950188742001107 0.8926911903474541 0.9094690972400389
0.7884617893745216 0.8894484461080552 0.9079413399350438
0.781929470922247 0.8862000288332801 0.9064781367807945
0.7754229463217647 0.8829456358148736 0.9050781031537078
0.7689431984424602 0.879684984924093 0.9037398757679528
0.7624911712284808 0.8764178119047121 0.9024621162700895
0.756067775420235 0.8731438677954836 0.901243514034475
0.749673894265701 0.8698629164913183 0.9000827882281618
0.7433103891809361 0.8665747324492172 0.8989786892140232
0.7369781053261772 0.8632790985421133 0.897929999359423
0.7306778770702587 0.8599758040613866 0.8969355333152028
0.7244105333220341 0.856664642866711 0.8959941378263615
0.7181769027125698 0.8533454116802826 0.8951046911317568
0.7119778186163851 0.850017908521137 0.8942661020057924
0.705814228526864 0.8466819129479339 0.8934771781429077
0.6996868754737947 0.843337242563576 0.8927370216147951
0.6935966262281187 0.8399836925869731 0.8920446369253885
0.6875443783072674 0.8366210531289836 0.8913990435590288
0.6815310569542375 0.8332491095447561 0.8907992825434408
0.6755576190661271 0.8298676415986731 0.8902444142113377
0.6696250569512002 0.8264764227239829 0.889733515850932
0.6637344019158556 0.8230752193711802 0.8892656792634948
0.6578867276821276 0.8196637904396378 0.8888400082431818
0.652083153635169 0.8162418867874922 0.888455615991751
0.6463248478988037 0.8128092508153052 0.8881116224784992
0.6406130302355731 0.8093656161195516 0.8878071517537653
0.634948974765717 0.8059107072125803 0.8875413292226666
0.6293340124974294 0.8024442393062223 0.8873132788842952
0.6237695336583948 0.7989659181568091 0.887122120540472
0.6182569898160699 0.7954754399699002 0.8869669669772311
0.6127978529026838 0.7919724939438573 0.8868470036964815
0.6073937143892588 0.7884567552174954 0.8867613059311603
0.602046236220424 0.7849278896215749 0.886708922592684
0.5967571335484213 0.7813855546115022 0.8866889106706612
0.5915281898823177 0.7778293984625484 0.886700305501537
0.5863612575196054 0.7742590605302299 0.8867421178165009
0.5812582575983973 0.7706741715732086 0.8868133307743576
0.57622117973401 0.7670743541409147 0.8869128969829141
0.5712520812007982 0.7634592230284989 0.8870397355132994
0.5663530856178774 0.75982838580195 0.8871927289126763
0.561526381094974 0.7561814433965411 0.8873707202219829
0.5567742177930776 0.7525179907919229 0.8875725100066919
0.5520989048532665 0.7488376177673575 0.8877968534100384
0.5475028066465009 0.7451399097406839 0.8880424572398105
0.5429883038774732 0.7414244411965056 0.8883081102246548
0.5385578037806127 0.7376907727350942 0.8885926739767255
0.5342139074650678 0.7339384990781334 0.8888943435724942
0.5299591516928193 0.730167197615884 0.8892116013883854
0.5257960979209626 0.7263764470411207 0.8895428673545512
0.5217273234975481 0.7225658287807644 0.8898864965652431
0.5177554119038458 0.7187349285333119 0.8902407770595433
0.5138829420298184 0.7148833379130645 0.8906039278005389
0.510112476480756 0.7110106562012711 0.8909740968830554
0.5064465489258501 0.7071164922032952 0.8913493600019623
0.5028876505140545 0.7032004662097455 0.8917277192147863
0.49943821525823867 0.6992621674331674 0.8921074350832908
0.49610063472159843 0.6953012224940205 0.8924864661543193
0.4928771955532801 0.69131735422067 0.8928621485317783
0.4897700668589556 0.6873102514205023 0.8932321753875414
0.48678129437860457 0.6832796259123631 0.8935941653626673
0.4839127827295982 0.6792252150037094 0.8939456639464464
0.48116627742448465 0.675146784009974 0.8942841454160184
0.47854334684713423 0.6710441287994943 0.8946070153685666
0.47604536438908757 0.6669170783452496 0.8949116138746747
0.47367364282946584 0.6627653768113492 0.895195785971628
0.4714290262412599 0.6585890168305761 0.8954562723025643
0.4693121574935592 0.654387975766499 0.8956900818434682
0.4673234528945733 0.6501622438680934 0.8958943277799077
0.4654630534005659 0.6459118568983728 0.8960660842179662
0.46373081267883526 0.6416368981971656 0.8962023935259622
0.46212628700852026 0.6373375005637915 0.8963002743257549
0.4606487857322991 0.63301381556304 0.896356841443646
0.4592973162762511 0.6286660463835676 0.8963691878774374
0.45807033392873825 0.6242945769689846 0.8963339924500021
0.4569661322748619 0.6198997574323486 0.8962482674873512
0.4559826907629682 0.615481993049396 0.8961090514006179
0.45511767935042186 0.6110417444047529 0.8959134196000665
0.4543684658154032 0.6065795271800728 0.8956584955889488
0.45373211030722954 0.6020959187639063 0.8953414439077736
0.4532053056792195 0.5975915899334859 0.8949594061016021
0.45278458048498743 0.5930672153918073 0.8945097368602322
0.4524662055084719 0.5885235252040262 0.8939898705469653
0.4522462243009037 0.5839612972830612 0.8933973456284665
0.4521204742039108 0.5793813548677186 0.8927298144348157
0.4520846088132207 0.5747845636677534 0.89198505230055
0.452134064027873 0.5701718535137081 0.8911609204213973
0.45226365565476695 0.5655443967339887 0.8902550664458119
0.45246908216723686 0.5609029696513449 0.8892660746141661
0.4527455061379137 0.5562485728577384 0.8881923021329056
0.45308803206591247 0.5515822303923639 0.88703226279663
0.4534917310405355 0.546904985561765 0.8857846304506886
0.45395166471791165 0.5422178966900856 0.8844482413776628
0.454462908369541 0.5375220328430568 0.883022095602165
0.45502044436875183 0.5328185230036192 0.8815052933071011
0.45561856110926985 0.5281088097066268 0.8798967638851668
0.45625342042665423 0.5233935859930701 0.8781964868264528
0.45692037090845966 0.5186739169401045 0.8764041195297783
0.45761487064778333 0.513950857677444 0.8745194730542405
0.4583325010790183 0.5092254498718805 0.8725425074817807
0.4590689790493137 0.504498718441123 0.8704733265502939
0.4598201671313326 0.49977166851758464 0.8683121716406742
0.4605820822069772 0.49504528267844344 0.866059415204812
0.461350902372687 0.4903205184540396 0.8637155537234259
0.46212297223505533 0.4855983061224402 0.8612812002829223
0.4628948066804312 0.48087954679397343 0.8587570768592888
0.46366216178047465 0.4761655004408037 0.8561438461496413
0.464422848334832 0.471456609607848 0.8534426324219575
0.4651739386269665 0.466753663570378 0.8506544391441876
0.46591264858848286 0.4620574294334567 0.8477803402103137
0.4666363628095653 0.45736864021084417 0.8448214774526085
0.46734263133213166 0.4526879945693309 0.8417790529251528
0.4680291657078233 0.44801615679558254 0.8386543213914651
0.468693834428531 0.4433537569692766 0.8354485830591045
0.4693346578320167 0.4387013913255956 0.83216317659744
0.4699498025791529 0.4340596227897761 0.8287994724682681
0.47053757579268535 0.4294289816663296 0.8253588665927665
0.4710964189403291 0.4248099664657251 0.8218427743723752
0.4716249015377835 0.42020304485173476 0.8182526250758133
0.47212171473984715 0.41560865469322217 0.8145898565994109
0.4725856648806062 0.4110272052049121 0.8108559106034937
0.47301566701650727 0.4064590781625462 0.8070522280235293
0.4734107385193607 0.40190462917879616 0.8031802449512829
0.47376999275981607 0.39736418902732973 0.7992413888782302
0.47409263291575826 0.39283806500351043 0.7952370752909331
0.4743779459344564 0.38832654231127745 0.7911687046060347
0.4746252966720312 0.38382988546686225 0.7870376594308572
0.4748341222291213 0.3793483397110574 0.7828453021343189
0.4750039264972927 0.37488213242278556 0.7785929727119724
0.475134274926932 0.37043147452773884 0.7742819869283568
0.4752247895239137 0.36599656189678464 0.7699136347195339
0.4752751440794078 0.3615775767297375 0.7654891788385849
0.47528465773460166 0.3571748688576533 0.7610100397104845
0.4752531583445196 0.35278856956956184 0.7564774234071201
0.4751807975405667 0.3484186721552498 0.7518923528283415
0.47506742066531155 0.34406531404041674 0.7472559685686854
0.47491290421939053 0.33972862566776674 0.7425693796885003
0.4747171524182527 0.3354087317676911 0.7378336635067139
0.4744800939620511 0.3311057526021228 0.733049865530307
0.47420167901053806 0.32681980518219417 0.7282189995072744
0.47388187635431483 0.3225510044607446 0.7233420475907059
0.47352067077346277 0.3182994645010272 0.7184199606025196
0.4731180605743212 0.31406529962333257 0.7134536583862346
0.472674055295149 0.3098486255314443 0.7084440302390294
0.47218867357134314 0.30564956042113184 0.703391935414181
0.47166137272970204 0.3014684828248803 0.6982986813805611
0.4710926963645385 0.29730528702668124 0.6931646771793223
0.470482813628966 0.29316004418388464 0.6879905802658635
0.46983176393818465 0.28903289184955194 0.6827771264871377
0.4691395866583317 0.28492397574667777 0.677525024847434
0.46840631973819363 0.2808334508365701 0.6722349583426855
0.4676319984415455 0.2767614823885942 0.6669075848245407
0.4668166541724163 0.27270824705461943 0.6615435378909207
0.46596031338591853 0.26867393395157463 0.6561434278004181
0.4650628643816827 0.2646588038897797 0.6507079958832593
0.4641242580497153 0.2606631006122758 0.6452378997676681
0.4631447877428096 0.25668693057016545 0.6397333527350717
0.46212444946943126 0.25273054493608815 0.6341948722101477
0.46106322933938265 0.2487942133948352 0.6286229575018943
0.45996110285585984 0.24487822535483766 0.6230180909006084
0.4588180342503813 0.24098289119188765 0.6173807387973655
0.45763397585548965 0.23710854352850097 0.6117113528277586
0.45640886751035886 0.23325553855222453 0.6060103710422048
0.4551426114844221 0.22942426724544046 0.600278257550051
0.4538352109035017 0.22561510094159637 0.5945152849064859
0.4524865766439375 0.22182847164920177 0.5887218272221995
0.4510965881023942 0.21806484773466195 0.5828982757017971
0.4496651090864017 0.2143247287775244 0.5770450152504881
0.44819198734394855 0.21060864716511674 0.571162425977021
0.4466770541000938 0.20691716973621027 0.5652508847626542
0.4451201235978615 0.20325089947246439 0.5593107669047255
0.4435210649059648 0.19961045356829826 0.5533422989220041
0.44187975508877425 0.19599648480063536 0.5473456323671032
0.44019583038684174 0.1924097603751146 0.5413213827196031
0.4384690252866834 0.18885105108443032 0.535269939274394
0.43669905473379284 0.1853211730457039 0.529191700905823
0.43488561370620266 0.18182098950074954 0.523087078501802
0.43302837679171846 0.17835141259016973 0.5169564975681201
0.4311269977716754 0.17491340507780434 0.5108004010215621
0.4291811092153304 0.17150798199683612 0.5046192521919093
0.42719043446599236 0.16813619679249853 0.49841321065711747
0.42515465226735816 0.16479917559522433 0.49218247403091814
0.42307312862861274 0.16149813597846996 0.48592813807538265
0.42094540041362066 0.15823432004427912 0.4796507952549767
0.4187709818950797 0.15500902723217586 0.47335107912582347
0.41654936469111414 0.15182361435195332 0.4670296690947608
0.41428001780800694 0.14867949510324718 0.46068729553509385
0.41196238781455147 0.14557813897896077 0.45432474527733707
0.40959589917786626 0.14252106943690282 0.4479428674896457
0.4071799547953331 0.13950986121109918 0.44154257995746904
0.40471393676249223 0.13654613662168955 0.43512487576483
0.40219729360192846 0.1336316105494001 0.4286903779176353
0.39962936308492736 0.13076801503504104 0.42224018363382726
0.3970093606178293 0.1279570274853844 0.41577611200457687
0.3943365976380543 0.125200394269635 0.40929955131196355
0.39161037490335765 0.12249986881235914 0.40281200413413176
0.38882998588400647 0.11985719841100997 0.39631509549997207
0.38599472080598896 0.11727410895472495 0.38981058099735255
0.3831038714159067 0.11475228744179017 0.38330035466997037
0.3801567365353384 0.11229336223745998 0.37678645649994913
0.3771526284658991 0.109898881072994 0.3702710792321893
0.37409088029500187 0.10757028686219475 0.36375657425343866
0.37097085413549286 0.10530889150402406 0.35724545619579434
0.3677919503089708 0.10311584794863485 0.3507404058933542
0.36455361745195075 0.10099212092759274 0.34424427128517043
0.3612553634855837 0.09893845688361261 0.33776006583143864
0.3578967673433453 0.0969553537752958 0.3312909639976104
0.35447749129751766 0.09504303157033087 0.324840293367848
0.3509972936657821 0.0932014043666256 0.31841152298020636
0.3474560416161082 0.09143005518316707 0.3120082475359999
0.34385372372478934 0.08972821452832538 0.30563416722884074
0.3401904735486729 0.08809468358171338 0.29929318157551454
0.33646657247147094 0.08652789261304067 0.2929892038941975
0.33268245026470633 0.08502592614588003 0.28672608390538185
0.3288387024976534 0.0835864705108664 0.28050768472776955
0.3249360934730276 0.08220683878873383 0.27433781519411793
0.32097555841016556 0.0808839910074109 0.26822018715503526
0.31695820222362264 0.07961456284429594 0.26215837131986064
0.31288529460128056 0.07839490235071095 0.2561557528820557
0.3087582612248005 0.07722111381434071 0.25021548831259177
0.3045786711401688 0.07608910749927883 0.24434046477148758
0.30034822046705684 0.07499465368295166 0.23853326357172805
0.29606871281984143 0.07393343917254722 0.23279612902452418
0.29174203698566603 0.07290112435224017 0.2271309438018545
0.28737014255119664 0.07189339879884682 0.22153921168164575
0.28295501427674163 0.07090603360902006 0.21602204821131593
0.2784999277173712 0.06993210653137302 0.21058327359946222
0.2740068130913843 0.06896804327168699 0.20522255483273655
0.2694770905593399 0.06801140076763185 0.19993831225037145
0.2649127155611373 0.06705861363954488 0.1947301490341073
0.260315555546597 0.06610638194498253 0.18959732755599618
0.25568737133504715 0.06515168315524647 0.18453880032644063
0.2510311382384793 0.06418928564209234 0.17955550075065288
0.24635152648506936 0.06321115386076698 0.17465055684091405
0.2416465428487372 0.06222162722501617 0.16981600423165008
0.23691745126961133 0.061218792196168555 0.1650498029374761
0.23216535560711132 0.06020099184329732 0.16034977404957257
0.22739756443587622 0.05915624173942468 0.15572184565633526
0.2226121431237117 0.058088424655696934 0.151159081535817
0.2178074381899826 0.0570004979074318 0.146655818703497
0.21298394220008482 0.05589168645699472 0.14220950682407338
