0.00784313725490196 0.2784313725490196 0.40784313725490196
0.013194925028835063 0.2853825451749327 0.4155324875048058
0.018546712802768164 0.2923337178008458 0.42322183775470973
0.02389850057670127 0.29928489042675893 0.4309111880046136
0.02925028835063437 0.30623606305267204 0.4386005382545175
0.03460207612456748 0.3131872356785852 0.44628988850442136
0.03995386389850058 0.3201384083044983 0.4539792387543253
0.04530565167243368 0.3270895809304114 0.46166858900422914
0.05065743944636678 0.3340407535563245 0.46935793925413305
0.056009227220299884 0.3409919261822376 0.4770472895040369
0.061361014994232986 0.3479430988081507 0.48473663975394077
0.06671280276816609 0.3548942714340638 0.4924259900038447
0.0720645905420992 0.36184544405997693 0.5001153402537486
0.07741637831603229 0.36879661668589003 0.5078046905036524
0.0827681660899654 0.37574778931180314 0.5154940407535563
0.0881199538638985 0.38269896193771624 0.5231833910034602
0.0934717416378316 0.3896501345636294 0.530872741253364
0.09882352941176471 0.3966013071895425 0.538562091503268
0.10417531718569781 0.4035524798154556 0.5462514417531719
0.10952710495963092 0.4105036524413687 0.5539407920030758
0.11487889273356401 0.4174548250672818 0.5616301422529797
0.12023068050749712 0.4244059976931949 0.5693194925028835
0.12558246828143022 0.43135717031910803 0.5770088427527874
0.13093425605536332 0.43830834294502113 0.5846981930026913
0.13628604382929643 0.44525951557093424 0.5923875432525951
0.14163783160322954 0.4522106881968474 0.600076893502499
0.14698961937716262 0.45916186082276045 0.607766243752403
0.15234140715109573 0.4661130334486736 0.6154555940023068
0.15769319492502884 0.47306420607458666 0.6231449442522107
0.16304498269896195 0.4800153787004998 0.6308342945021146
0.16839677047289503 0.4869665513264129 0.6385236447520184
0.17374855824682814 0.493917723952326 0.6462129950019223
0.17910034602076125 0.5008688965782391 0.6539023452518262
0.18445213379469433 0.5078200692041522 0.66159169550173
0.18980392156862746 0.5147712418300654 0.669281045751634
0.19515570934256057 0.5217224144559784 0.6769703960015379
0.20050749711649365 0.5286735870818915 0.6846597462514418
0.20585928489042674 0.5356247597078047 0.6923490965013457
0.21121107266435987 0.5425759323337178 0.7000384467512495
0.21656286043829298 0.5495271049596309 0.7077277970011535
0.22191464821222606 0.556478277585544 0.7154171472510573
0.22726643598615914 0.5634294502114572 0.7231064975009611
0.23261822376009228 0.5703806228373702 0.7307958477508651
0.2379700115340254 0.5773317954632834 0.738485198000769
0.24332179930795847 0.5842829680891964 0.7461745482506728
0.24867358708189155 0.5912341407151096 0.7538638985005767
0.25402537485582466 0.5981853133410227 0.7615532487504806
0.25937716262975785 0.6051364859669358 0.7692425990003845
0.26472895040369093 0.612087658592849 0.7769319492502884
0.270080738177624 0.619038831218762 0.7846212995001922
0.2754325259515571 0.6259900038446751 0.7923106497500961
0.2807843137254902 0.6329411764705882 0.8
0.28613610149942326 0.6398923490965014 0.8076893502499038
0.29148788927335634 0.6468435217224144 0.8153787004998078
0.29683967704728953 0.6537946943483275 0.8230680507497117
0.3021914648212226 0.6607458669742408 0.8307574009996156
0.3075432525951557 0.6676970396001538 0.8384467512495195
0.3128950403690888 0.6746482122260669 0.8461361014994233
0.31824682814302196 0.68159938485198 0.8538254517493272
0.32359861591695505 0.6885505574778932 0.8615148019992311
0.3289504036908881 0.6955017301038062 0.8692041522491349
0.3343021914648212 0.7024529027297193 0.8768935024990387
0.3396539792387543 0.7094040753556324 0.8845828527489428
0.3450057670126875 0.7163552479815456 0.8922722029988466
0.3514801999231065 0.7225682429834679 0.8983467896962707
0.3613225682429835 0.7265667051134179 0.8995770857362553
0.37116493656286026 0.7305651672433678 0.9008073817762399
0.3810073048827374 0.734563629373318 0.9020376778162246
0.3908496732026144 0.738562091503268 0.9032679738562092
0.4006920415224913 0.7425605536332179 0.9044982698961938
0.4105344098423683 0.746559015763168 0.9057285659361785
0.4203767781622453 0.750557477893118 0.906958861976163
0.43021914648212223 0.754555940023068 0.9081891580161476
0.44006151480199923 0.7585544021530181 0.9094194540561322
0.44990388312187607 0.762552864282968 0.9106497500961169
0.4597462514417532 0.7665513264129181 0.9118800461361015
0.46958861976163013 0.7705497885428682 0.9131103421760861
0.4794309880815071 0.7745482506728182 0.9143406382160708
0.48927335640138403 0.7785467128027681 0.9155709342560554
0.49911572472126103 0.7825451749327181 0.91680123029604
0.5089580930411379 0.7865436370626682 0.9180315263360246
0.518800461361015 0.7905420991926182 0.9192618223760093
0.5286428296808918 0.7945405613225682 0.9204921184159939
0.5384851980007689 0.7985390234525183 0.9217224144559785
0.5483275663206458 0.8025374855824683 0.9229527104959631
0.5581699346405229 0.8065359477124183 0.9241830065359478
0.5680123029603998 0.8105344098423684 0.9254133025759324
0.5778546712802768 0.8145328719723183 0.9266435986159169
0.5876970396001537 0.8185313341022683 0.9278738946559015
0.5975394079200307 0.8225297962322183 0.9291041906958862
0.6073817762399076 0.8265282583621684 0.9303344867358708
0.6172241445597846 0.8305267204921184 0.9315647827758554
0.6270665128796616 0.8345251826220684 0.9327950788158401
0.6369088811995386 0.8385236447520185 0.9340253748558247
0.6467512495194156 0.8425221068819685 0.9352556708958093
0.6565936178392926 0.8465205690119184 0.9364859669357939
0.6664359861591695 0.8505190311418684 0.9377162629757786
0.6762783544790465 0.8545174932718185 0.9389465590157632
0.6861207227989233 0.8585159554017685 0.9401768550557478
0.6959630911188004 0.8625144175317185 0.9414071510957324
0.7058054594386773 0.8665128796616686 0.9426374471357171
0.7156478277585544 0.8705113417916186 0.9438677431757017
0.7254901960784313 0.8745098039215686 0.9450980392156862
0.7353325643983084 0.8785082660515187 0.9463283352556708
0.7451749327181854 0.8825067281814687 0.9475586312956555
0.7550173010380623 0.8865051903114187 0.9487889273356401
0.764859669357939 0.8905036524413686 0.9500192233756247
0.7747020376778162 0.8945021145713187 0.9512495194156094
0.7845444059976932 0.8985005767012687 0.952479815455594
0.7943867743175701 0.9024990388312187 0.9537101114955786
0.804229142637447 0.9064975009611688 0.9549404075355632
0.8140715109573241 0.9104959630911188 0.9561707035755479
0.8239138792772011 0.9144944252210688 0.9574009996155325
0.8337562475970781 0.9184928873510189 0.9586312956555171
0.8435986159169548 0.9224913494809688 0.9598615916955017
0.853440984236832 0.9264898116109188 0.9610918877354864
0.863283352556709 0.9304882737408688 0.962322183775471
0.8731257208765859 0.9344867358708189 0.9635524798154556
0.8829680891964629 0.9384851980007689 0.9647827758554401
0.8928104575163399 0.9424836601307189 0.9660130718954248
0.9026528258362168 0.946482122260669 0.9672433679354094
0.9124951941560938 0.950480584390619 0.968473663975394
0.9223375624759707 0.9544790465205689 0.9697039600153786
0.9321799307958477 0.9584775086505191 0.9709342560553633
0.9420222991157247 0.962475970780469 0.9721645520953479
0.9518646674356017 0.966474432910419 0.9733948481353325
0.9617070357554787 0.970472895040369 0.9746251441753172
0.9715494040753556 0.9744713571703191 0.9758554402153018
0.976070742022299 0.9737024221453286 0.9701038062283737
0.9752710495963091 0.9681660899653979 0.9573702422145328
0.9744713571703191 0.9626297577854671 0.944636678200692
0.9736716647443291 0.9570934256055363 0.9319031141868512
0.9728719723183391 0.9515570934256057 0.9191695501730107
0.9720722798923491 0.9460207612456747 0.9064359861591695
0.971272587466359 0.9404844290657439 0.8937024221453287
0.970472895040369 0.9349480968858132 0.8809688581314878
0.9696732026143791 0.9294117647058824 0.868235294117647
0.9688735101883891 0.9238754325259515 0.8555017301038061
0.9680738177623991 0.9183391003460207 0.8427681660899654
0.9672741253364091 0.91280276816609 0.8300346020761246
0.966474432910419 0.9072664359861592 0.8173010380622837
0.965674740484429 0.9017301038062283 0.8045674740484429
0.964875048058439 0.8961937716262975 0.791833910034602
0.9640753556324491 0.8906574394463668 0.7791003460207613
0.9632756632064591 0.885121107266436 0.7663667820069204
0.9624759707804691 0.8795847750865051 0.7536332179930796
0.961676278354479 0.8740484429065744 0.7408996539792387
0.960876585928489 0.8685121107266436 0.7281660899653979
0.960076893502499 0.8629757785467129 0.7154325259515575
0.959277201076509 0.857439446366782 0.7026989619377162
0.9584775086505191 0.8519031141868512 0.6899653979238753
0.9576778162245291 0.8463667820069204 0.6772318339100345
0.956878123798539 0.8408304498269896 0.6644982698961936
0.956078431372549 0.8352941176470587 0.6517647058823529
0.955278738946559 0.829757785467128 0.6390311418685121
0.954479046520569 0.8242214532871972 0.6262975778546712
0.953679354094579 0.8186851211072664 0.6135640138408305
0.9528796616685891 0.8131487889273357 0.6008304498269896
0.952079969242599 0.8076124567474048 0.5880968858131488
0.951280276816609 0.802076124567474 0.5753633217993079
0.950480584390619 0.7965397923875432 0.5626297577854671
0.949680891964629 0.7910034602076125 0.5498961937716262
0.948881199538639 0.7854671280276817 0.5371626297577854
0.9480815071126489 0.7799307958477508 0.5244290657439445
0.9472818146866591 0.7743944636678202 0.5116955017301041
0.946482122260669 0.7688581314878893 0.4989619377162629
0.945682429834679 0.7633217993079585 0.48622837370242217
0.944882737408689 0.7577854671280276 0.47349480968858126
0.944083044982699 0.7522491349480969 0.4607612456747405
0.943283352556709 0.7467128027681661 0.44802768166089957
0.9424836601307189 0.7411764705882353 0.43529411764705883
0.941683967704729 0.7356401384083044 0.422560553633218
0.940884275278739 0.7301038062283737 0.40982698961937714
0.940084582852749 0.7245674740484429 0.3970934256055363
0.939284890426759 0.7190311418685121 0.38435986159169555
0.9384851980007689 0.7134948096885814 0.3716262975778546
0.9376855055747789 0.7079584775086505 0.35889273356401385
0.9368858131487889 0.7024221453287197 0.346159169550173
0.936086120722799 0.696885813148789 0.33342560553633216
0.935286428296809 0.6913494809688581 0.3206920415224913
0.934486735870819 0.6858131487889275 0.3079584775086509
0.933687043444829 0.6802768166089965 0.2952249134948096
0.9328873510188389 0.6747404844290658 0.2824913494809689
0.9320876585928489 0.669204152249135 0.26975778546712803
0.9312879661668589 0.6636678200692041 0.2570242214532872
0.930488273740869 0.6581314878892733 0.24429065743944633
0.929688581314879 0.6525951557093426 0.2315570934256055
0.9288888888888889 0.6470588235294117 0.21882352941176464
0.9280891964628989 0.641522491349481 0.2060899653979239
0.9272895040369089 0.6359861591695501 0.19335640138408305
0.9264898116109189 0.6304498269896194 0.1806228373702422
0.9256901191849289 0.6249134948096886 0.16788927335640136
0.9182929642445213 0.6187773933102653 0.16429065743944637
0.9086966551326413 0.6124413687043445 0.16373702422145328
0.8991003460207613 0.6061053440984236 0.16318339100346022
0.8895040369088812 0.5997693194925029 0.16262975778546712
0.8799077277970014 0.5934332948865823 0.16207612456747406
0.8703114186851212 0.5870972702806613 0.16152249134948096
0.860715109573241 0.5807612456747405 0.1609688581314879
0.851118800461361 0.5744252210688197 0.1604152249134948
0.841522491349481 0.5680891964628989 0.15986159169550174
0.831926182237601 0.561753171856978 0.15930795847750864
0.8223298731257209 0.5554171472510573 0.15875432525951558
0.8127335640138409 0.5490811226451365 0.15820069204152248
0.8031372549019609 0.5427450980392157 0.15764705882352942
0.7935409457900808 0.5364090734332949 0.15709342560553632
0.7839446366782007 0.530073048827374 0.15653979238754326
0.7743483275663207 0.5237370242214533 0.15598615916955016
0.7647520184544406 0.5174009996155324 0.1554325259515571
0.7551557093425606 0.5110649750096117 0.154878892733564
0.7455594002306806 0.5047289504036909 0.15432525951557094
0.7359630911188004 0.49839292579777006 0.15377162629757785
0.7263667820069207 0.49205690119184947 0.15321799307958478
0.7167704728950404 0.4857208765859285 0.1526643598615917
0.7071741637831603 0.4793848519800077 0.15211072664359862
0.6975778546712803 0.4730488273740869 0.15155709342560553
0.6879815455594003 0.46671280276816607 0.15100346020761246
0.6783852364475202 0.4603767781622453 0.15044982698961937
0.6687889273356402 0.45404075355632445 0.1498961937716263
0.6591926182237602 0.4477047289504037 0.1493425605536332
0.64959630911188 0.4413687043444829 0.14878892733564014
0.64 0.4350326797385621 0.14823529411764708
0.63040369088812 0.4286966551326413 0.14768166089965398
0.6208073817762398 0.42236063052672046 0.1471280276816609
0.6112110726643599 0.4160246059207997 0.14657439446366782
0.6016147635524798 0.4096885813148789 0.14602076124567476
0.5920184544405998 0.4033525567089581 0.14546712802768166
0.5824221453287197 0.3970165321030373 0.1449134948096886
0.5728258362168399 0.3906805074971167 0.14435986159169553
0.5632295271049597 0.3843444828911957 0.14380622837370244
0.5536332179930796 0.3780084582852749 0.14325259515570934
0.5440369088811996 0.3716724336793541 0.14269896193771628
0.5344405997693196 0.3653364090734333 0.14214532871972319
0.5248442906574395 0.3590003844675125 0.14159169550173012
0.5152479815455595 0.3526643598615917 0.14103806228373703
0.5056516724336794 0.3463283352556709 0.14048442906574396
0.49605536332179934 0.3399923106497501 0.13993079584775087
0.48645905420991925 0.3336562860438293 0.1393771626297578
0.4768627450980393 0.32732026143790854 0.1388235294117647
0.4672664359861592 0.3209842368319877 0.13826989619377164
0.45767012687427916 0.3146482122260669 0.13771626297577855
0.4480738177623991 0.3083121876201461 0.13716262975778548
0.43847750865051904 0.3019761630142253 0.1366089965397924
0.428881199538639 0.2956401384083045 0.13605536332179932
0.4192848904267592 0.2893041138023839 0.13550173010380626
0.40968858131487884 0.2829680891964629 0.13494809688581316
0.4000922722029989 0.2766320645905421 0.1343944636678201
0.3904959630911188 0.2702960399846213 0.133840830449827
0.38089965397923875 0.2639600153787005 0.1332871972318339
0.3713033448673587 0.2576239907727797 0.13273356401384084
0.3617070357554787 0.25128796616685894 0.13217993079584778
0.35211072664359866 0.24495194156093808 0.13162629757785468
0.34251441753171863 0.23861591695501733 0.1310726643598616
0.3329181084198385 0.23227989234909652 0.13051903114186852
0.32332179930795846 0.2259438677431757 0.12996539792387546
0.3137254901960784 0.2196078431372549 0.12941176470588237
