0.0196078431372549 0.18823529411764706 0.3803921568627451
0.02437524029219531 0.1958477508650519 0.38792772010765086
0.029142637447135716 0.20346020761245676 0.3954632833525567
0.033910034602076124 0.21107266435986158 0.4029988465974625
0.03867743175701653 0.21868512110726643 0.4105344098423683
0.043444828911956945 0.22629757785467128 0.4180699730872741
0.048212226066897346 0.2339100346020761 0.4256055363321799
0.05297962322183776 0.24152249134948095 0.4331410995770857
0.05774702037677817 0.2491349480968858 0.4406766628219915
0.06251441753171857 0.25674740484429065 0.4482122260668973
0.06728181468665898 0.2643598615916955 0.45574778931180315
0.07204921184159939 0.27197231833910035 0.46328335255670894
0.0768166089965398 0.27958477508650514 0.4708189158016147
0.0815840061514802 0.28719723183391 0.4783544790465205
0.08635140330642062 0.29480968858131484 0.48589004229142635
0.09111880046136102 0.3024221453287197 0.49342560553633213
0.09588619761630143 0.31003460207612454 0.500961168781238
0.10065359477124183 0.3176470588235294 0.5084967320261438
0.10542099192618225 0.32525951557093424 0.5160322952710495
0.11018838908112266 0.3328719723183391 0.5235678585159553
0.11495578623606306 0.34048442906574394 0.5311034217608612
0.11972318339100346 0.3480968858131488 0.538638985005767
0.12449058054594388 0.35570934256055364 0.5461745482506728
0.1292579777008843 0.3633217993079585 0.5537101114955786
0.1340253748558247 0.3709342560553633 0.5612456747404844
0.1387927720107651 0.37854671280276814 0.5687812379853902
0.14356016916570552 0.38615916955017293 0.5763168012302959
0.14832756632064592 0.39377162629757784 0.5838523644752018
0.15309496347558632 0.4013840830449827 0.5913879277201076
0.15786236063052672 0.4089965397923875 0.5989234909650134
0.16262975778546712 0.41660899653979233 0.6064590542099192
0.16739715494040752 0.4242214532871972 0.613994617454825
0.17216455209534798 0.43183391003460203 0.6215301806997309
0.17693194925028832 0.4394463667820068 0.6290657439446365
0.18169934640522878 0.44705882352941173 0.6366013071895424
0.18646674356016918 0.4546712802768166 0.6441368704344482
0.19123414071510958 0.46228373702422143 0.651672433679354
0.19600153787004998 0.4698961937716262 0.6592079969242598
0.20076893502499044 0.47750865051903113 0.6667435601691657
0.20553633217993078 0.4851211072664359 0.6742791234140715
0.21030372933487124 0.4927335640138408 0.6818146866589773
0.21507112648981158 0.5003460207612456 0.689350249903883
0.21983852364475204 0.5079584775086505 0.696885813148789
0.22460592079969244 0.5155709342560553 0.7044213763936946
0.22937331795463284 0.5231833910034602 0.7119569396386005
0.23414071510957324 0.530795847750865 0.7194925028835062
0.2389081122645137 0.5384083044982699 0.7270280661284121
0.24367550941945404 0.5460207612456747 0.7345636293733179
0.2484429065743945 0.5536332179930795 0.7420991926182237
0.25321030372933484 0.5612456747404844 0.7496347558631294
0.2579777008842753 0.5688581314878892 0.7571703191080352
0.2627450980392157 0.5764705882352941 0.7647058823529411
0.27207484300909907 0.5816993464052287 0.7674740484429066
0.2814045879789824 0.5869281045751633 0.7702422145328719
0.2907343329488658 0.5921568627450979 0.7730103806228373
0.30006407791874923 0.5973856209150327 0.7757785467128027
0.3093938228886326 0.6026143790849673 0.7785467128027681
0.3187235678585159 0.6078431372549019 0.7813148788927335
0.32805331282839933 0.6130718954248365 0.7840830449826989
0.3373830577982827 0.6183006535947712 0.7868512110726643
0.3467128027681661 0.6235294117647059 0.7896193771626298
0.3560425477380494 0.6287581699346404 0.7923875432525951
0.3653722927079328 0.6339869281045751 0.7951557093425605
0.37470203767781624 0.6392156862745098 0.7979238754325259
0.3840317826476996 0.6444444444444444 0.8006920415224913
0.393361527617583 0.649673202614379 0.8034602076124567
0.4026912725874662 0.6549019607843136 0.8062283737024221
0.41202101755734977 0.6601307189542484 0.8089965397923875
0.42135076252723314 0.665359477124183 0.8117647058823529
0.4306805074971165 0.6705882352941176 0.8145328719723183
0.4400102524669999 0.6758169934640522 0.8173010380622837
0.44933999743688324 0.681045751633987 0.820069204152249
0.4586697424067666 0.6862745098039216 0.8228373702422145
0.46799948737665 0.6915032679738562 0.8256055363321799
0.47732923234653324 0.6967320261437907 0.8283737024221453
0.4866589773164167 0.7019607843137254 0.8311418685121107
0.4959887222863001 0.7071895424836601 0.833910034602076
0.5053184672561835 0.7124183006535947 0.8366782006920415
0.5146482122260669 0.7176470588235294 0.8394463667820069
0.5239779571959502 0.722875816993464 0.8422145328719722
0.5333077021658337 0.7281045751633987 0.8449826989619377
0.5426374471357169 0.7333333333333333 0.8477508650519031
0.5519671921056002 0.7385620915032679 0.8505190311418684
0.5612969370754838 0.7437908496732026 0.8532871972318339
0.5706266820453672 0.7490196078431373 0.8560553633217993
0.5799564270152505 0.7542483660130719 0.8588235294117647
0.5892861719851339 0.7594771241830065 0.8615916955017301
0.5986159169550173 0.7647058823529411 0.8643598615916954
0.6079456619249006 0.7699346405228757 0.8671280276816609
0.6172754068947841 0.7751633986928104 0.8698961937716263
0.6266051518646674 0.780392156862745 0.8726643598615916
0.6359348968345508 0.7856209150326797 0.8754325259515571
0.6452646418044341 0.7908496732026143 0.8782006920415224
0.6545943867743176 0.796078431372549 0.8809688581314878
0.6639241317442008 0.8013071895424836 0.8837370242214533
0.6732538767140843 0.8065359477124182 0.8865051903114186
0.6825836216839677 0.8117647058823529 0.889273356401384
0.6919133666538511 0.8169934640522876 0.8920415224913494
0.7012431116237343 0.8222222222222221 0.8948096885813148
0.7105728565936178 0.8274509803921568 0.8975778546712803
0.719902601563501 0.8326797385620914 0.9003460207612456
0.7292323465333845 0.837908496732026 0.903114186851211
0.7385620915032679 0.8431372549019607 0.9058823529411764
0.7478918364731513 0.8483660130718954 0.9086505190311418
0.7572215814430346 0.85359477124183 0.9114186851211072
0.766551326412918 0.8588235294117648 0.9141868512110727
0.7758810713828013 0.8640522875816992 0.916955017301038
0.7852108163526847 0.869281045751634 0.9197231833910035
0.7945405613225682 0.8745098039215686 0.9224913494809688
0.8038703062924515 0.8797385620915033 0.9252595155709342
0.813200051262335 0.8849673202614379 0.9280276816608997
0.8225297962322182 0.8901960784313725 0.930795847750865
0.8318595412021017 0.8954248366013071 0.9335640138408304
0.8411892861719852 0.9006535947712417 0.9363321799307958
0.8505190311418684 0.9058823529411764 0.9391003460207612
0.8598487761117519 0.9111111111111111 0.9418685121107266
0.8691785210816352 0.9163398692810457 0.944636678200692
0.8785082660515187 0.9215686274509804 0.9474048442906574
0.8878380110214019 0.9267973856209151 0.9501730103806227
0.8971677559912854 0.9320261437908497 0.9529411764705882
0.9064975009611687 0.9372549019607843 0.9557093425605536
0.9158272459310521 0.9424836601307189 0.9584775086505191
0.9251569909009354 0.9477124183006536 0.9612456747404844
0.9344867358708189 0.9529411764705882 0.9640138408304498
0.9438164808407024 0.9581699346405228 0.9667820069204152
0.9531462258105856 0.9633986928104574 0.9695501730103806
0.9624759707804689 0.968627450980392 0.972318339100346
0.9718057157503524 0.9738562091503268 0.9750865051903114
0.9755734973728053 0.9725490196078431 0.9720620274253492
0.9737793156478277 0.9647058823529412 0.9632449058054594
0.9719851339228501 0.9568627450980391 0.9544277841855696
0.9701909521978725 0.9490196078431372 0.9456106625656798
0.9683967704728951 0.9411764705882355 0.9367935409457903
0.9666025887479175 0.9333333333333333 0.9279764193259002
0.9648084070229399 0.9254901960784313 0.9191592977060105
0.9630142252979623 0.9176470588235294 0.9103421760861207
0.9612200435729847 0.9098039215686274 0.9015250544662309
0.9594258618480072 0.9019607843137255 0.8927079328463411
0.9576316801230296 0.8941176470588235 0.8838908112264513
0.955837498398052 0.8862745098039215 0.8750736896065615
0.9540433166730744 0.8784313725490196 0.8662565679866717
0.9522491349480968 0.8705882352941177 0.8574394463667819
0.9504549532231193 0.8627450980392157 0.8486223247468923
0.9486607714981418 0.8549019607843137 0.8398052031270025
0.9468665897731642 0.8470588235294118 0.8309880815071126
0.9450724080481866 0.8392156862745098 0.8221709598872229
0.943278226323209 0.8313725490196078 0.8133538382673331
0.9414840445982314 0.8235294117647058 0.8045367166474433
0.939689862873254 0.8156862745098041 0.7957195950275537
0.9378956811482763 0.807843137254902 0.7869024734076637
0.9361014994232987 0.7999999999999999 0.7780853517877739
0.9343073176983211 0.792156862745098 0.7692682301678841
0.9325131359733436 0.7843137254901961 0.7604511085479944
0.930718954248366 0.7764705882352941 0.7516339869281046
0.9289247725233885 0.7686274509803921 0.7428168653082148
0.9271305907984109 0.7607843137254902 0.733999743688325
0.9253364090734333 0.7529411764705882 0.7251826220684352
0.9235422273484557 0.7450980392156863 0.7163655004485454
0.9217480456234781 0.7372549019607842 0.7075483788286556
0.9199538638985005 0.7294117647058823 0.6987312572087658
0.918159682173523 0.7215686274509804 0.689914135588876
0.9163655004485454 0.7137254901960783 0.6810970139689863
0.9145713187235679 0.7058823529411764 0.6722798923490965
0.9127771369985903 0.6980392156862745 0.6634627707292067
0.9109829552736127 0.6901960784313728 0.6546456491093171
0.9091887735486351 0.6823529411764706 0.6458285274894271
0.9073945918236576 0.6745098039215687 0.6370114058695373
0.90560041009868 0.6666666666666666 0.6281942842496475
0.9038062283737024 0.6588235294117647 0.6193771626297577
0.9020120466487248 0.6509803921568628 0.6105600410098679
0.9002178649237472 0.6431372549019607 0.6017429193899781
0.8984236831987698 0.6352941176470588 0.5929257977700884
0.8966295014737922 0.6274509803921569 0.5841086761501986
0.8948353197488146 0.6196078431372549 0.5752915545303088
0.893041138023837 0.611764705882353 0.566474432910419
0.8912469562988594 0.6039215686274509 0.5576573112905292
0.8894527745738818 0.596078431372549 0.5488401896706394
0.8876585928489042 0.588235294117647 0.5400230680507496
0.8858644111239267 0.580392156862745 0.5312059464308598
0.8840702293989491 0.5725490196078431 0.52238882481097
0.8822760476739716 0.5647058823529414 0.5135717031910805
0.880481865948994 0.5568627450980392 0.5047545815711905
0.8786876842240164 0.5490196078431373 0.49593745995130073
0.8768935024990389 0.5411764705882354 0.48712033833141094
0.8750993207740613 0.5333333333333332 0.4783032167115211
0.8733051390490837 0.5254901960784314 0.4694860950916314
0.8715109573241061 0.5176470588235295 0.4606689734717416
0.8697167755991285 0.5098039215686274 0.4518518518518517
0.8679225938741509 0.5019607843137255 0.44303473023196205
0.8661284121491734 0.4941176470588235 0.43421760861207215
0.8643342304241959 0.48627450980392156 0.42540048699218247
0.8625400486992183 0.4784313725490196 0.41658336537229257
0.8607458669742407 0.47058823529411764 0.4077662437524029
0.8589516852492631 0.4627450980392157 0.3989491221325131
0.8571575035242855 0.45490196078431366 0.3901320005126233
0.855363321799308 0.44705882352941173 0.3813148788927335
0.8535691400743305 0.43921568627451 0.37249775727284395
0.8517749583493528 0.43137254901960786 0.36368063565295394
0.8499807766243752 0.42352941176470593 0.35486351403306415
0.8481865948993976 0.4156862745098039 0.34604639241317436
0.8463924131744202 0.40784313725490196 0.3372292707932846
0.8445982314494426 0.4 0.3284121491733948
0.842804049724465 0.3921568627450981 0.319595027553505
0.8410098679994874 0.38431372549019605 0.3107779059336152
0.8392156862745098 0.3764705882352941 0.3019607843137254
0.8306805074971165 0.3690888119953864 0.29842368319876966
0.8221453287197232 0.36170703575547863 0.2948865820838139
0.8136101499423299 0.3543252595155709 0.2913494809688581
0.8050749711649365 0.3469434832756632 0.28781237985390234
0.7965397923875432 0.3395617070357555 0.28427527873894654
0.78800461361015 0.33217993079584773 0.2807381776239908
0.7794694348327567 0.32479815455594 0.27720107650903497
0.7709342560553636 0.3174163783160325 0.2736639753940793
0.7623990772779701 0.31003460207612454 0.2701268742791234
0.7538638985005768 0.30265282583621683 0.2665897731641676
0.7453287197231834 0.2952710495963091 0.26305267204921184
0.7367935409457901 0.28788927335640135 0.25951557093425603
0.7282583621683968 0.28050749711649364 0.2559784698193003
0.7197231833910035 0.27312572087658593 0.25244136870434447
0.7111880046136101 0.26574394463667816 0.2489042675893887
0.7026528258362168 0.25836216839677045 0.2453671664744329
0.6941176470588235 0.25098039215686274 0.24183006535947713
0.6855824682814302 0.243598615916955 0.23829296424452134
0.6770472895040369 0.2362168396770473 0.23475586312956553
0.6685121107266436 0.22883506343713955 0.23121876201460978
0.6599769319492503 0.22145328719723184 0.22768166089965397
0.651441753171857 0.2140715109573241 0.2241445597846982
0.6429065743944636 0.20668973471741636 0.2206074586697424
0.6343713956170707 0.19930795847750887 0.2170703575547867
0.625836216839677 0.19192618223760094 0.21353325643983084
0.6173010380622838 0.1845444059976932 0.20999615532487503
0.6087658592848905 0.17716262975778546 0.20645905420991928
0.6002306805074971 0.16978085351787772 0.20292195309496347
0.5916955017301038 0.16239907727797 0.1993848519800077
0.5831603229527105 0.15501730103806227 0.1958477508650519
0.5746251441753172 0.14763552479815456 0.19231064975009612
0.5660899653979239 0.14025374855824682 0.18877354863514034
0.5575547866205306 0.13287197231833908 0.18523644752018453
0.5490196078431373 0.12549019607843137 0.18169934640522878
0.540484429065744 0.11810841983852366 0.17816224529027297
0.5319492502883506 0.11072664359861589 0.1746251441753172
0.5234140715109574 0.10334486735870818 0.1710880430603614
0.514878892733564 0.09596309111880047 0.16755094194540562
0.5063437139561707 0.08858131487889276 0.16401384083044984
0.49780853517877766 0.08119953863898521 0.16047673971549414
0.4892733564013841 0.07381776239907728 0.15693963860053825
0.4807381776239908 0.06643598615916957 0.15340253748558247
0.47220299884659744 0.0590542099192618 0.1498654363706267
0.46366782006920415 0.05167243367935409 0.1463283352556709
0.45513264129181086 0.04429065743944638 0.14279123414071512
0.4465974625144175 0.03690888119953861 0.13925413302575934
0.43806228373702427 0.029527104959630956 0.13571703191080356
0.4295271049596309 0.02214532871972319 0.13217993079584775
0.4209919261822376 0.014763552479815423 0.12864282968089197
0.41245674740484434 0.007381776239907767 0.1251057285659362
0.403921568627451 0.0 0.12156862745098039
