254 254 216
253 254 215
251 253 214
250 253 213
249 253 212
247 253 211
246 253 211
245 252 210
244 252 209
242 252 208
241 251 207
240 251 206
238 251 205
237 250 204
235 250 203
234 250 202
232 249 201
231 249 200
229 248 199
228 248 198
226 247 197
225 246 195
223 246 194
221 245 193
220 244 192
218 244 191
216 243 190
215 242 189
213 241 187
211 240 186
209 239 185
207 238 184
206 237 183
204 236 181
202 235 180
200 234 179
198 233 178
196 232 177
195 231 175
193 229 174
191 228 173
189 227 172
188 226 171
186 224 170
184 223 169
183 221 168
181 220 166
179 219 165
178 217 164
176 216 163
175 215 163
174 213 162
172 212 161
171 210 160
170 209 159
169 208 158
168 206 157
166 205 157
165 204 156
164 203 155
163 201 155
163 200 154
162 199 153
161 198 153
160 196 152
159 195 152
159 194 151
158 193 151
157 192 150
157 190 150
156 189 149
156 188 149
155 187 149
155 186 148
154 185 148
154 184 147
154 183 147
153 182 147
153 181 146
152 180 146
152 179 146
152 178 145
151 177 145
151 176 145
151 175 144
151 174 144
150 173 144
150 172 144
150 171 143
150 170 143
149 169 143
149 168 143
149 167 142
149 166 142
148 165 142
148 164 142
148 163 141
148 162 141
148 161 141
148 160 140
147 159 140
147 158 140
147 157 140
147 157 139
147 156 139
147 155 139
146 154 139
146 153 138
146 152 138
146 151 138
146 150 138
146 149 137
145 148 137
145 147 137
145 146 137
145 146 136
145 145 136
145 144 136
144 143 136
144 142 135
144 141 135
144 140 135
144 139 135
144 138 134
144 137 134
143 136 134
143 135 134
143 135 133
143 134 133
143 133 133
143 132 133
142 131 132
142 130 132
142 129 132
142 128 132
142 127 131
142 126 131
141 125 131
141 125 130
141 124 130
141 123 130
141 122 130
140 121 129
140 120 129
140 119 129
140 118 129
140 117 128
139 116 128
139 115 128
139 114 127
139 113 127
139 112 127
138 111 126
138 111 126
138 110 126
138 109 125
137 108 125
137 107 125
137 106 124
136 105 124
136 104 124
136 103 123
135 102 123
135 101 123
135 100 122
134 99 122
134 98 121
133 97 121
133 96 121
133 95 120
132 94 120
132 93 119
131 91 119
131 90 118
130 89 118
130 88 117
129 87 117
128 86 116
128 85 116
127 84 115
126 83 115
126 82 114
125 80 114
124 79 113
124 78 112
123 77 112
122 76 111
121 75 111
120 73 110
119 72 109
118 71 108
117 70 108
116 69 107
115 68 106
114 66 106
113 65 105
112 64 104
111 63 103
110 62 102
109 60 102
107 59 101
106 58 100
105 57 99
104 56 98
102 54 97
101 53 96
100 52 95
98 51 95
97 50 94
96 49 93
94 48 92
93 46 91
91 45 90
90 44 89
88 43 88
87 42 87
85 41 86
84 40 85
82 39 84
81 38 83
79 37 82
78 36 81
76 35 80
75 34 79
73 34 78
72 33 78
70 32 77
68 31 76
67 30 75
65 29 74
64 29 73
62 28 72
61 27 71
59 27 70
58 26 69
56 25 68
55 24 67
53 24 66
52 23 66
50 23 65
49 22 64
47 21 63
46 21 62
44 20 61
43 20 60
41 19 59
40 19 59
38 18 58
37 18 57
35 17 56
34 17 55
32 16 54
31 16 54
29 15 53
27 15 52
26 14 51
