0 68 57
1 70 57
3 72 58
5 74 59
7 76 60
8 78 60
10 80 61
12 82 62
14 84 63
15 86 64
17 88 64
19 90 65
21 92 66
22 95 67
24 97 67
26 99 68
28 101 69
30 103 70
31 105 71
33 107 71
35 109 72
37 111 73
38 113 74
40 115 75
42 117 75
44 119 76
45 122 77
47 124 78
49 126 78
51 128 79
52 130 80
54 132 81
56 134 82
58 136 82
60 138 83
61 140 84
63 142 85
65 144 86
67 146 86
68 149 87
70 151 88
72 153 89
74 155 89
75 157 90
77 159 91
79 161 92
81 163 93
82 165 93
84 167 94
86 169 95
88 171 96
90 174 97
92 174 98
94 175 100
96 176 102
98 177 104
100 178 106
102 179 108
104 180 110
106 181 112
108 182 114
110 183 116
112 184 118
114 185 120
117 186 122
119 187 124
121 188 126
123 189 128
125 190 130
127 191 132
129 192 134
131 193 136
133 194 138
135 195 140
137 196 142
139 197 144
141 198 146
144 199 148
146 200 150
148 201 152
150 202 154
152 203 156
154 204 158
156 205 160
158 206 162
160 207 164
162 208 166
164 209 168
166 210 170
168 211 172
171 212 174
173 213 176
175 214 178
177 215 180
179 216 182
181 217 184
183 218 186
185 219 188
187 220 190
189 221 192
191 222 194
193 223 196
195 224 198
198 224 200
200 225 202
202 226 204
204 227 206
206 228 208
208 229 210
210 230 212
212 231 214
214 232 216
216 233 218
218 234 220
220 235 222
223 236 224
225 237 226
227 238 228
229 239 230
231 240 232
233 241 234
235 242 236
237 243 238
239 244 240
241 245 242
243 246 244
245 247 246
247 248 248
248 248 248
247 246 247
245 244 246
244 242 245
243 240 244
242 239 243
240 237 242
239 235 241
238 233 240
237 231 239
235 230 238
234 228 237
233 226 236
232 224 235
230 223 234
229 221 233
228 219 232
227 217 231
225 215 230
224 214 229
223 212 228
222 210 227
220 208 226
219 206 225
218 205 224
217 203 223
215 201 221
214 199 220
213 197 219
211 196 218
210 194 217
209 192 216
208 190 215
206 189 214
205 187 213
204 185 212
203 183 211
201 181 210
200 180 209
199 178 208
198 176 207
196 174 206
195 172 205
194 171 204
193 169 203
191 167 202
190 165 201
189 163 200
188 162 199
186 160 198
185 158 197
184 156 196
183 154 195
181 153 194
180 151 193
179 149 192
178 147 191
176 146 190
175 144 189
174 142 188
173 140 187
171 138 186
170 137 185
169 135 184
168 133 183
166 131 182
165 129 181
164 128 180
163 126 179
161 124 178
160 122 177
159 120 176
158 119 175
156 117 174
155 115 173
154 113 172
153 112 171
151 109 169
149 107 167
147 105 165
146 103 163
144 101 161
142 98 159
140 96 157
139 94 155
137 92 154
135 90 152
133 87 150
132 85 148
130 83 146
128 81 144
126 79 142
125 76 140
123 74 139
121 72 137
119 70 135
118 68 133
116 65 131
114 63 129
112 61 127
111 59 125
109 57 123
107 54 122
105 52 120
104 50 118
102 48 116
100 46 114
98 43 112
97 41 110
95 39 108
93 37 107
91 35 105
90 32 103
88 30 101
86 28 99
84 26 97
83 24 95
81 21 93
79 19 91
77 17 90
76 15 88
74 13 86
72 10 84
70 8 82
69 6 80
67 4 78
65 2 76
64 0 75
