0 25 89
1 26 89
2 27 89
2 28 89
3 29 89
3 30 90
4 31 90
4 32 90
5 33 90
5 34 90
6 35 91
6 36 91
7 37 91
7 38 91
8 39 91
8 40 91
9 41 92
9 43 92
10 44 92
10 45 92
10 46 92
11 47 92
11 48 93
12 49 93
12 50 93
12 51 93
13 52 93
13 53 94
13 54 94
14 55 94
14 56 94
15 57 94
15 58 94
15 59 95
16 60 95
16 61 95
16 62 95
17 63 95
17 64 95
18 66 95
18 67 96
19 68 96
19 69 96
19 70 96
20 71 96
20 72 96
21 73 96
21 74 96
22 75 96
23 76 96
23 77 97
24 78 97
24 79 97
25 80 97
26 81 97
27 83 97
27 84 96
28 85 96
29 86 96
30 87 96
31 88 96
32 89 96
33 90 96
34 91 95
35 92 95
36 92 95
37 93 95
38 94 94
39 95 94
40 96 94
41 97 93
43 98 93
44 99 92
45 99 92
46 100 91
48 101 91
49 102 90
50 103 90
52 103 89
53 104 89
55 105 88
56 105 87
57 106 87
59 107 86
60 107 85
62 108 84
63 109 84
65 109 83
66 110 82
67 110 81
69 111 81
70 112 80
72 112 79
73 113 78
75 113 77
76 114 77
78 114 76
79 115 75
81 115 74
82 116 73
84 116 72
85 117 72
87 117 71
88 118 70
90 118 69
91 119 68
93 119 67
94 120 67
96 120 66
97 120 65
99 121 64
100 121 63
102 122 62
104 122 62
105 123 61
107 123 60
108 124 59
110 124 58
111 125 58
113 125 57
115 125 56
116 126 55
118 126 54
120 127 54
121 127 53
123 128 52
125 128 52
126 129 51
128 129 50
130 130 50
132 130 49
133 131 48
135 131 48
137 132 47
139 132 47
141 133 47
143 133 46
145 134 46
147 134 46
148 134 45
150 135 45
152 135 45
155 136 45
157 136 45
159 137 45
161 137 45
163 138 46
165 138 46
167 139 46
169 139 47
171 140 47
173 140 48
176 140 49
178 141 50
180 141 50
182 142 51
184 142 52
186 143 53
188 143 54
191 143 56
193 144 57
195 144 58
197 145 59
199 145 61
201 145 62
203 146 64
205 146 65
207 147 67
209 147 68
211 147 70
212 148 71
214 148 73
216 148 75
218 149 77
220 149 78
221 150 80
223 150 82
225 151 84
226 151 86
228 152 88
230 152 90
231 152 92
232 153 94
234 153 96
235 154 98
237 155 100
238 155 102
239 156 104
240 156 106
241 157 109
242 157 111
243 158 113
244 159 115
245 159 117
246 160 119
246 160 121
247 161 124
248 162 126
248 162 128
249 163 130
249 164 132
250 164 134
250 165 137
251 166 139
251 166 141
251 167 143
252 168 145
252 168 147
252 169 149
252 170 151
252 171 153
253 171 155
253 172 158
253 173 160
253 173 162
253 174 164
253 175 166
253 175 168
253 176 170
253 177 172
253 178 174
253 178 176
253 179 178
253 180 180
253 180 183
253 181 185
253 182 187
253 183 189
253 183 191
253 184 193
253 185 195
252 186 197
252 186 199
252 187 202
252 188 204
252 188 206
252 189 208
252 190 210
252 191 212
252 191 214
252 192 217
252 193 219
252 194 221
251 194 223
251 195 225
251 196 227
251 197 230
251 197 232
251 198 234
251 199 236
251 200 238
250 200 241
250 201 243
250 202 245
250 203 247
250 204 250
