2 71 104
3 72 105
4 74 107
6 76 109
7 78 111
8 79 113
10 81 115
11 83 117
12 85 119
14 86 121
15 88 123
17 90 125
18 92 127
19 94 129
21 95 131
22 97 133
23 99 135
25 101 137
26 102 139
27 104 141
29 106 143
30 108 145
32 109 147
33 111 149
34 113 151
36 115 153
37 117 154
38 118 156
40 120 158
41 122 160
42 124 162
44 125 164
45 127 166
47 129 168
48 131 170
49 133 172
51 134 174
52 136 176
53 138 178
55 140 180
56 141 182
57 143 184
59 145 186
60 147 188
62 148 190
63 150 192
64 152 194
66 154 196
67 156 198
68 157 200
70 159 202
71 161 204
72 163 205
74 164 207
75 166 209
77 168 211
78 170 213
79 172 215
81 173 217
82 175 219
83 177 221
85 179 223
86 180 225
87 182 227
89 184 229
92 185 229
94 186 229
97 187 230
99 188 230
102 189 230
104 190 230
107 191 231
109 192 231
112 193 231
114 194 232
117 195 232
119 196 232
122 197 233
124 198 233
127 199 233
129 200 234
132 201 234
134 202 234
137 203 235
139 204 235
142 205 235
144 206 235
147 207 236
149 208 236
152 209 236
154 210 237
157 211 237
159 212 237
162 213 238
164 214 238
167 215 238
169 216 239
172 217 239
174 218 239
177 219 240
179 220 240
182 221 240
185 223 241
187 224 241
190 225 241
192 226 241
195 227 242
197 228 242
200 229 242
202 230 243
205 231 243
207 232 243
210 233 244
212 234 244
215 235 244
217 236 245
220 237 245
222 238 245
225 239 246
227 240 246
230 241 246
232 242 246
235 243 247
237 244 247
240 245 247
242 246 248
245 247 248
247 248 248
248 248 247
248 246 244
248 245 240
248 244 237
248 242 234
247 241 231
247 239 227
247 238 224
247 237 221
247 235 218
246 234 214
246 232 211
246 231 208
246 229 205
246 228 201
245 227 198
245 225 195
245 224 192
245 222 188
245 221 185
244 220 182
244 218 179
244 217 175
244 215 172
244 214 169
243 212 166
243 211 162
243 210 159
243 208 156
242 207 153
242 205 149
242 204 146
242 203 143
242 201 140
241 200 136
241 198 133
241 197 130
241 196 127
241 194 123
240 193 120
240 191 117
240 190 114
240 189 111
240 187 107
239 186 104
239 184 101
239 183 98
239 181 94
239 180 91
238 179 88
238 177 85
238 176 81
238 174 78
238 173 75
237 172 72
237 170 68
237 169 65
237 167 62
237 166 59
236 164 55
236 163 52
236 162 49
236 160 46
236 159 42
234 157 41
231 156 41
229 154 41
226 152 41
224 151 41
221 149 41
219 148 41
217 146 40
214 144 40
212 143 40
209 141 40
207 140 40
204 138 40
202 136 40
199 135 39
197 133 39
195 131 39
192 130 39
190 128 39
187 127 39
185 125 39
182 123 38
180 122 38
177 120 38
175 119 38
172 117 38
170 115 38
168 114 38
165 112 37
163 110 37
160 109 37
158 107 37
155 106 37
153 104 37
150 102 37
148 101 36
146 99 36
143 98 36
141 96 36
138 94 36
136 93 36
133 91 36
131 89 35
128 88 35
126 86 35
124 85 35
121 83 35
119 81 35
116 80 35
114 78 34
111 77 34
109 75 34
106 73 34
104 72 34
102 70 34
99 68 34
97 67 33
94 65 33
92 64 33
89 62 33
87 60 33
84 59 33
82 57 33
80 56 33
