254 254 254
254 254 253
253 253 251
253 253 250
253 253 248
253 253 247
253 252 245
252 252 244
252 252 242
252 251 241
251 251 239
251 251 238
251 250 236
250 250 234
250 250 233
250 249 231
249 249 230
249 249 228
248 248 227
248 248 225
247 247 223
247 247 222
246 246 220
246 246 218
245 245 217
244 245 215
244 244 213
243 243 211
242 243 210
241 242 208
240 241 206
239 241 204
239 240 203
238 239 201
236 238 199
235 237 197
234 236 195
233 235 193
232 234 191
231 233 190
229 232 188
228 231 186
226 230 184
225 229 182
223 228 180
222 226 178
220 225 176
219 224 174
217 222 173
215 221 171
213 220 169
212 218 167
210 217 165
208 215 164
206 214 162
204 212 160
202 211 159
200 209 157
198 208 156
197 206 154
195 205 153
193 203 151
191 202 150
189 200 149
187 199 147
185 197 146
183 196 145
181 194 144
179 193 143
178 192 142
176 190 142
174 189 141
172 187 140
171 186 139
169 185 139
167 184 138
166 182 138
164 181 137
162 180 137
161 179 136
159 178 136
158 176 136
156 175 135
155 174 135
154 173 135
152 172 135
151 171 135
150 170 135
148 169 135
147 168 135
146 167 135
144 166 135
143 166 135
142 165 135
141 164 135
140 163 135
139 162 136
137 161 136
136 161 136
135 160 136
134 159 136
133 158 137
132 158 137
131 157 137
130 156 137
129 155 138
128 155 138
127 154 138
126 153 139
125 153 139
124 152 139
123 151 140
122 151 140
121 150 141
120 149 141
119 149 141
118 148 142
117 147 142
116 147 143
115 146 143
114 146 143
113 145 144
112 144 144
111 144 145
110 143 145
109 142 145
108 142 146
108 141 146
107 141 147
106 140 147
105 139 147
104 139 148
103 138 148
102 138 149
101 137 149
100 136 149
99 136 150
98 135 150
97 135 150
96 134 151
95 133 151
94 133 152
94 132 152
93 131 152
92 131 153
91 130 153
90 129 153
89 129 153
88 128 154
87 127 154
86 127 154
85 126 155
84 125 155
83 125 155
82 124 155
81 123 155
80 122 156
79 122 156
78 121 156
77 120 156
76 119 156
75 119 156
74 118 156
74 117 157
73 116 157
72 115 157
71 115 157
70 114 157
69 113 157
68 112 157
67 111 157
66 110 156
65 109 156
64 108 156
63 107 156
62 107 156
61 106 156
60 105 155
59 104 155
58 103 155
57 102 155
56 101 154
55 100 154
54 98 154
53 97 153
52 96 153
51 95 152
50 94 152
49 93 151
48 92 151
47 91 150
47 90 150
46 89 149
45 87 148
44 86 148
43 85 147
42 84 146
41 83 145
40 81 145
39 80 144
38 79 143
37 78 142
37 76 141
36 75 140
35 74 139
34 73 139
33 71 138
32 70 137
31 69 136
31 68 135
30 66 133
29 65 132
28 64 131
27 62 130
27 61 129
26 60 128
25 58 127
24 57 126
24 56 124
23 54 123
22 53 122
21 52 121
21 50 119
20 49 118
19 48 117
18 46 116
18 45 114
17 44 113
16 43 112
15 41 110
15 40 109
14 39 108
13 37 106
12 36 105
12 35 103
11 33 102
10 32 101
9 31 99
8 29 98
8 28 97
7 27 95
6 25 94
6 24 92
5 23 91
4 21 89
4 20 88
3 19 87
2 17 85
2 16 84
1 14 82
1 13 81
0 12 80
0 10 78
0 8 77
0 6 75
0 5 74
